0.0000	23.65
0.5000	23.66
1.0000	23.67
1.5000	23.68
2.0000	23.69
2.5000	23.69
3.0000	23.70
3.5000	23.71
4.0000	23.72
4.5000	23.73
5.0000	23.73
5.5000	23.75
6.0000	23.76
6.5000	23.76
7.0000	23.77
7.5000	23.78
8.0000	23.78
8.5000	23.79
9.0000	23.80
9.5000	23.81
10.0000	23.82
10.5000	23.83
11.0000	23.83
11.5000	23.84
12.0000	23.85
12.5000	23.86
13.0000	23.86
13.5000	23.87
14.0000	23.88
14.5000	23.88
15.0000	23.89
15.5000	23.90
16.0000	23.91
16.5000	23.91
17.0000	23.93
17.5000	23.93
18.0000	23.94
18.5000	23.94
19.0000	23.96
19.5000	23.96
20.0000	23.96
20.5000	23.98
21.0000	23.99
21.5000	23.99
22.0000	24.00
22.5000	24.01
23.0000	24.01
23.5000	24.01
24.0000	24.03
24.5000	24.03
25.0000	24.05
25.5000	24.03
26.0000	24.05
26.5000	24.05
27.0000	24.06
27.5000	24.06
28.0000	24.08
28.5000	24.08
29.0000	24.08
29.5000	24.09
30.0000	24.10
30.5000	24.10
31.0000	24.11
31.5000	24.12
32.0000	24.12
32.5000	24.12
33.0000	24.13
33.5000	24.14
34.0000	24.14
34.5000	24.14
35.0000	24.15
35.5000	24.16
36.0000	24.16
36.5000	24.16
37.0000	24.18
37.5000	24.18
38.0000	24.19
38.5000	24.19
39.0000	24.19
39.5000	24.19
40.0000	24.20
40.5000	24.20
41.0000	24.21
41.5000	24.22
42.0000	24.22
42.5000	24.22
43.0000	24.22
43.5000	24.23
44.0000	24.23
44.5000	24.24
45.0000	24.24
45.5000	24.25
46.0000	24.25
46.5000	24.25
47.0000	24.26
47.5000	24.26
48.0000	24.27
48.5000	24.27
49.0000	24.27
49.5000	24.28
50.0000	24.29
50.5000	24.28
51.0000	24.29
51.5000	24.29
52.0000	24.29
52.5000	24.30
53.0000	24.30
53.5000	24.30
54.0000	24.31
54.5000	24.31
55.0000	24.32
55.5000	24.32
56.0000	24.32
56.5000	24.33
57.0000	24.33
57.5000	24.33
58.0000	24.34
58.5000	24.34
59.0000	24.34
59.5000	24.34
60.0000	24.35
60.5000	24.35
61.0000	24.35
61.5000	24.35
62.0000	24.35
62.5000	24.36
63.0000	24.37
63.5000	24.37
64.0000	24.37
64.5000	24.38
65.0000	24.38
65.5000	24.38
66.0000	24.38
66.5000	24.38
67.0000	24.38
67.5000	24.38
68.0000	24.39
68.5000	24.39
69.0000	24.40
69.5000	24.38
70.0000	24.39
70.5000	24.40
71.0000	24.40
71.5000	24.39
72.0000	24.40
72.5000	24.40
73.0000	24.40
73.5000	24.40
74.0000	24.41
74.5000	24.40
75.0000	24.40
75.5000	24.41
76.0000	24.41
76.5000	24.41
77.0000	24.42
77.5000	24.42
78.0000	24.42
78.5000	24.42
79.0000	24.43
79.5000	24.43
80.0000	24.43
80.5000	24.43
81.0000	24.43
81.5000	24.43
82.0000	24.43
82.5000	24.44
83.0000	24.45
83.5000	24.44
84.0000	24.44
84.5000	24.44
85.0000	24.44
85.5000	24.44
86.0000	24.44
86.5000	24.44
87.0000	24.45
87.5000	24.45
88.0000	24.44
88.5000	24.44
89.0000	24.45
89.5000	24.45
90.0000	24.45
90.5000	24.45
91.0000	24.45
91.5000	24.45
92.0000	24.45
92.5000	24.45
93.0000	24.46
93.5000	24.45
94.0000	24.46
94.5000	24.46
95.0000	24.46
95.5000	24.47
96.0000	24.47
96.5000	24.47
97.0000	24.47
97.5000	24.47
98.0000	24.46
98.5000	24.47
99.0000	24.47
99.5000	24.48
100.0000	24.47
100.5000	24.47
101.0000	24.47
101.5000	24.48
102.0000	24.48
102.5000	24.47
103.0000	24.48
103.5000	24.48
104.0000	24.47
104.5000	24.48
105.0000	24.48
105.5000	24.47
106.0000	24.48
106.5000	24.48
107.0000	24.48
107.5000	24.49
108.0000	24.48
108.5000	24.48
109.0000	24.48
109.5000	24.48
110.0000	24.49
110.5000	24.48
111.0000	24.48
111.5000	24.48
112.0000	24.48
112.5000	24.49
113.0000	24.49
113.5000	24.49
114.0000	24.48
114.5000	24.48
115.0000	24.48
115.5000	24.48
116.0000	24.48
116.5000	24.49
117.0000	24.49
117.5000	24.48
118.0000	24.49
118.5000	24.48
119.0000	24.49
119.5000	24.48
120.0000	24.49
120.5000	24.49
121.0000	24.48
121.5000	24.48
122.0000	24.48
122.5000	24.48
123.0000	24.48
123.5000	24.48
124.0000	24.48
124.5000	24.49
125.0000	24.49
125.5000	24.48
126.0000	24.48
126.5000	24.49
127.0000	24.48
127.5000	24.48
128.0000	24.48
128.5000	24.48
129.0000	24.48
129.5000	24.49
130.0000	24.49
130.5000	24.48
131.0000	24.48
131.5000	24.48
132.0000	24.49
132.5000	24.48
133.0000	24.47
133.5000	24.47
134.0000	24.47
134.5000	24.47
135.0000	24.48
135.5000	24.48
136.0000	24.46
136.5000	24.45
137.0000	24.47
137.5000	24.46
138.0000	24.46
138.5000	24.46
139.0000	24.47
139.5000	24.47
140.0000	24.47
140.5000	24.47
141.0000	24.47
141.5000	24.46
142.0000	24.47
142.5000	24.46
143.0000	24.47
143.5000	24.46
144.0000	24.46
144.5000	24.46
145.0000	24.47
145.5000	24.46
146.0000	24.46
146.5000	24.46
147.0000	24.46
147.5000	24.45
148.0000	24.46
148.5000	24.46
149.0000	24.46
149.5000	24.46
150.0000	24.46
150.5000	24.46
151.0000	24.46
151.5000	24.45
152.0000	24.46
152.5000	24.45
153.0000	24.46
153.5000	24.46
154.0000	24.46
154.5000	24.45
155.0000	24.46
155.5000	24.45
156.0000	24.45
156.5000	24.45
157.0000	24.44
157.5000	24.45
158.0000	24.45
158.5000	24.45
159.0000	24.45
159.5000	24.45
160.0000	24.44
160.5000	24.45
161.0000	24.44
161.5000	24.44
162.0000	24.44
162.5000	24.44
163.0000	24.43
163.5000	24.43
164.0000	24.42
164.5000	24.42
165.0000	24.42
165.5000	24.42
166.0000	24.41
166.5000	24.41
167.0000	24.40
167.5000	24.40
168.0000	24.39
168.5000	24.39
169.0000	24.39
169.5000	24.38
170.0000	24.37
170.5000	24.37
171.0000	24.37
171.5000	24.36
172.0000	24.35
172.5000	24.35
173.0000	24.34
173.5000	24.33
174.0000	24.32
174.5000	24.32
175.0000	24.31
175.5000	24.30
176.0000	24.31
176.5000	24.30
177.0000	24.28
177.5000	24.27
178.0000	24.27
178.5000	24.26
179.0000	24.23
179.5000	24.22
180.0000	24.21
180.5000	24.20
181.0000	24.19
181.5000	24.19
182.0000	24.17
182.5000	24.16
183.0000	24.15
183.5000	24.14
184.0000	24.13
184.5000	24.11
185.0000	24.11
185.5000	24.10
186.0000	24.09
186.5000	24.06
187.0000	24.05
187.5000	24.04
188.0000	24.03
188.5000	24.02
189.0000	24.00
189.5000	24.00
190.0000	23.99
190.5000	23.98
191.0000	23.96
191.5000	23.95
192.0000	23.94
192.5000	23.93
193.0000	23.92
193.5000	23.90
194.0000	23.89
194.5000	23.89
195.0000	23.87
195.5000	23.86
196.0000	23.85
196.5000	23.84
197.0000	23.83
197.5000	23.82
198.0000	23.80
198.5000	23.80
199.0000	23.79
199.5000	23.77
200.0000	23.76
200.5000	23.76
201.0000	23.74
201.5000	23.73
202.0000	23.72
202.5000	23.71
203.0000	23.69
203.5000	23.68
204.0000	23.67
204.5000	23.66
205.0000	23.65
205.5000	23.64
206.0000	23.63
206.5000	23.62
207.0000	23.61
207.5000	23.60
208.0000	23.59
208.5000	23.59
209.0000	23.58
209.5000	23.57
210.0000	23.56
210.5000	23.55
211.0000	23.54
211.5000	23.53
212.0000	23.52
212.5000	23.51
213.0000	23.50
213.5000	23.50
214.0000	23.49
214.5000	23.47
215.0000	23.46
215.5000	23.46
216.0000	23.45
216.5000	23.44
217.0000	23.44
217.5000	23.42
218.0000	23.42
218.5000	23.41
219.0000	23.40
219.5000	23.40
220.0000	23.38
220.5000	23.38
221.0000	23.37
221.5000	23.37
222.0000	23.36
222.5000	23.36
223.0000	23.34
223.5000	23.34
224.0000	23.33
224.5000	23.32
225.0000	23.32
225.5000	23.31
226.0000	23.30
226.5000	23.30
227.0000	23.29
227.5000	23.28
228.0000	23.28
228.5000	23.27
229.0000	23.26
229.5000	23.26
230.0000	23.25
230.5000	23.24
231.0000	23.24
231.5000	23.23
232.0000	23.23
232.5000	23.22
233.0000	23.22
233.5000	23.22
234.0000	23.20
234.5000	23.20
235.0000	23.19
235.5000	23.19
236.0000	23.19
236.5000	23.18
237.0000	23.17
237.5000	23.17
238.0000	23.16
238.5000	23.16
239.0000	23.15
239.5000	23.14
240.0000	23.14
240.5000	23.14
241.0000	23.14
241.5000	23.12
242.0000	23.12
242.5000	23.12
243.0000	23.12
243.5000	23.11
244.0000	23.11
244.5000	23.11
245.0000	23.10
245.5000	23.10
246.0000	23.10
246.5000	23.09
247.0000	23.08
247.5000	23.09
248.0000	23.08
248.5000	23.07
249.0000	23.07
249.5000	23.06
250.0000	23.06
250.5000	23.07
251.0000	23.06
251.5000	23.06
252.0000	23.05
252.5000	23.05
253.0000	23.04
253.5000	23.04
254.0000	23.04
254.5000	23.05
255.0000	23.04
255.5000	23.04
256.0000	23.03
256.5000	23.03
257.0000	23.03
257.5000	23.03
258.0000	23.03
258.5000	23.03
259.0000	23.02
259.5000	23.02
260.0000	23.02
260.5000	23.02
261.0000	23.01
261.5000	23.01
262.0000	23.00
