0.0000	22.34
0.5000	22.35
1.0000	22.35
1.5000	22.35
2.0000	22.35
2.5000	22.35
3.0000	22.35
3.5000	22.34
4.0000	22.35
4.5000	22.35
5.0000	22.35
5.5000	22.35
6.0000	22.34
6.5000	22.35
7.0000	22.34
7.5000	22.35
8.0000	22.35
8.5000	22.35
9.0000	22.35
9.5000	22.34
10.0000	22.34
10.5000	22.34
11.0000	22.34
11.5000	22.34
12.0000	22.33
12.5000	22.33
13.0000	22.32
13.5000	22.33
14.0000	22.32
14.5000	22.33
15.0000	22.33
15.5000	22.33
16.0000	22.33
16.5000	22.33
17.0000	22.32
17.5000	22.31
18.0000	22.31
18.5000	22.31
19.0000	22.32
19.5000	22.31
20.0000	22.30
20.5000	22.30
21.0000	22.29
21.5000	22.30
22.0000	22.29
22.5000	22.30
23.0000	22.31
23.5000	22.31
24.0000	22.32
24.5000	22.31
25.0000	22.31
25.5000	22.31
26.0000	22.31
26.5000	22.31
27.0000	22.30
27.5000	22.31
28.0000	22.32
28.5000	22.31
29.0000	22.31
29.5000	22.31
30.0000	22.32
30.5000	22.32
31.0000	22.32
31.5000	22.32
32.0000	22.33
32.5000	22.33
33.0000	22.34
33.5000	22.33
34.0000	22.33
34.5000	22.33
35.0000	22.33
35.5000	22.33
36.0000	22.33
36.5000	22.33
37.0000	22.33
37.5000	22.32
38.0000	22.31
38.5000	22.30
39.0000	22.29
39.5000	22.28
40.0000	22.26
40.5000	22.25
41.0000	22.23
41.5000	22.21
42.0000	22.18
42.5000	22.15
43.0000	22.12
43.5000	22.09
44.0000	22.07
44.5000	22.05
45.0000	22.02
45.5000	21.99
46.0000	21.97
46.5000	21.94
47.0000	21.92
47.5000	21.88
48.0000	21.86
48.5000	21.84
49.0000	21.81
49.5000	21.78
50.0000	21.76
50.5000	21.73
51.0000	21.70
51.5000	21.67
52.0000	21.64
52.5000	21.61
53.0000	21.58
53.5000	21.56
54.0000	21.53
54.5000	21.50
55.0000	21.48
55.5000	21.46
56.0000	21.43
56.5000	21.41
57.0000	21.38
57.5000	21.36
58.0000	21.34
58.5000	21.31
59.0000	21.29
59.5000	21.27
60.0000	21.25
60.5000	21.23
61.0000	21.21
61.5000	21.19
62.0000	21.17
62.5000	21.15
63.0000	21.13
63.5000	21.12
64.0000	21.10
64.5000	21.08
65.0000	21.07
65.5000	21.05
66.0000	21.04
66.5000	21.03
67.0000	21.02
67.5000	21.00
68.0000	20.99
68.5000	20.98
69.0000	20.97
69.5000	20.95
70.0000	20.94
70.5000	20.93
71.0000	20.92
71.5000	20.91
72.0000	20.90
72.5000	20.89
73.0000	20.88
73.5000	20.87
74.0000	20.86
74.5000	20.85
75.0000	20.85
75.5000	20.84
76.0000	20.83
76.5000	20.82
77.0000	20.82
77.5000	20.80
78.0000	20.80
78.5000	20.80
79.0000	20.80
79.5000	20.78
80.0000	20.78
80.5000	20.78
81.0000	20.77
81.5000	20.77
82.0000	20.76
82.5000	20.76
83.0000	20.76
83.5000	20.77
84.0000	20.76
84.5000	20.75
85.0000	20.75
85.5000	20.74
86.0000	20.73
86.5000	20.73
87.0000	20.72
87.5000	20.70
88.0000	20.70
88.5000	20.68
89.0000	20.67
89.5000	20.65
90.0000	20.64
90.5000	20.64
91.0000	20.67
91.5000	20.62
92.0000	20.65
92.5000	20.65
93.0000	20.64
93.5000	20.64
94.0000	20.62
94.5000	20.62
95.0000	20.61
95.5000	20.61
96.0000	20.60
96.5000	20.59
97.0000	20.58
97.5000	20.58
98.0000	20.56
98.5000	20.56
99.0000	20.55
99.5000	20.55
100.0000	20.54
100.5000	20.54
101.0000	20.53
101.5000	20.53
102.0000	20.52
102.5000	20.51
103.0000	20.52
103.5000	20.51
104.0000	20.50
104.5000	20.50
105.0000	20.49
105.5000	20.49
106.0000	20.48
106.5000	20.48
107.0000	20.48
107.5000	20.47
108.0000	20.47
108.5000	20.47
109.0000	20.47
109.5000	20.47
110.0000	20.46
110.5000	20.46
111.0000	20.46
111.5000	20.46
112.0000	20.45
112.5000	20.45
113.0000	20.45
113.5000	20.45
114.0000	20.45
114.5000	20.44
115.0000	20.44
115.5000	20.44
116.0000	20.44
116.5000	20.44
117.0000	20.44
117.5000	20.43
118.0000	20.44
118.5000	20.44
119.0000	20.44
119.5000	20.45
120.0000	20.45
120.5000	20.46
121.0000	20.47
121.5000	20.48
122.0000	20.49
122.5000	20.50
123.0000	20.51
123.5000	20.54
124.0000	20.55
124.5000	20.56
125.0000	20.59
125.5000	20.61
126.0000	20.63
126.5000	20.65
127.0000	20.67
127.5000	20.70
128.0000	20.72
128.5000	20.75
129.0000	20.78
129.5000	20.80
130.0000	20.83
130.5000	20.85
131.0000	20.88
131.5000	20.91
132.0000	20.94
132.5000	20.97
133.0000	20.99
133.5000	21.02
134.0000	21.05
134.5000	21.07
135.0000	21.10
135.5000	21.13
136.0000	21.15
136.5000	21.19
137.0000	21.22
137.5000	21.24
138.0000	21.26
138.5000	21.29
139.0000	21.32
139.5000	21.35
140.0000	21.37
140.5000	21.40
141.0000	21.42
141.5000	21.45
142.0000	21.48
142.5000	21.49
143.0000	21.52
143.5000	21.54
144.0000	21.56
144.5000	21.59
145.0000	21.61
145.5000	21.63
146.0000	21.66
146.5000	21.68
147.0000	21.70
147.5000	21.72
148.0000	21.74
148.5000	21.76
149.0000	21.79
149.5000	21.81
150.0000	21.82
150.5000	21.84
151.0000	21.86
151.5000	21.88
152.0000	21.90
152.5000	21.91
153.0000	21.93
153.5000	21.95
154.0000	21.97
154.5000	21.99
155.0000	22.00
155.5000	22.02
156.0000	22.03
156.5000	22.05
157.0000	22.07
157.5000	22.09
158.0000	22.10
158.5000	22.12
159.0000	22.13
159.5000	22.15
160.0000	22.16
160.5000	22.17
161.0000	22.19
161.5000	22.20
162.0000	22.22
162.5000	22.23
163.0000	22.24
163.5000	22.25
164.0000	22.27
164.5000	22.27
165.0000	22.29
165.5000	22.30
166.0000	22.31
166.5000	22.32
167.0000	22.34
167.5000	22.35
168.0000	22.36
168.5000	22.38
169.0000	22.38
169.5000	22.39
170.0000	22.40
170.5000	22.41
171.0000	22.42
