0.0000	25.87
0.5000	25.87
1.0000	25.87
1.5000	25.87
2.0000	25.87
2.5000	25.87
3.0000	25.87
3.5000	25.87
4.0000	25.87
4.5000	25.87
5.0000	25.87
5.5000	25.86
6.0000	25.87
6.5000	25.86
7.0000	25.86
7.5000	25.86
8.0000	25.86
8.5000	25.86
9.0000	25.86
9.5000	25.86
10.0000	25.86
10.5000	25.86
11.0000	25.87
11.5000	25.86
12.0000	25.86
12.5000	25.86
13.0000	25.86
13.5000	25.86
14.0000	25.86
14.5000	25.86
15.0000	25.85
15.5000	25.86
16.0000	25.85
16.5000	25.85
17.0000	25.85
17.5000	25.85
18.0000	25.85
18.5000	25.85
19.0000	25.85
19.5000	25.84
20.0000	25.84
20.5000	25.85
21.0000	25.85
21.5000	25.84
22.0000	25.84
22.5000	25.84
23.0000	25.84
23.5000	25.84
24.0000	25.84
24.5000	25.84
25.0000	25.84
25.5000	25.83
26.0000	25.83
26.5000	25.83
27.0000	25.83
27.5000	25.83
28.0000	25.83
28.5000	25.82
29.0000	25.82
29.5000	25.82
30.0000	25.82
30.5000	25.82
31.0000	25.82
31.5000	25.82
32.0000	25.82
32.5000	25.81
33.0000	25.82
33.5000	25.81
34.0000	25.81
34.5000	25.81
35.0000	25.80
35.5000	25.80
36.0000	25.81
36.5000	25.80
37.0000	25.80
37.5000	25.79
38.0000	25.80
38.5000	25.79
39.0000	25.80
39.5000	25.79
40.0000	25.80
40.5000	25.79
41.0000	25.79
41.5000	25.79
42.0000	25.79
42.5000	25.78
43.0000	25.78
43.5000	25.79
44.0000	25.78
44.5000	25.78
45.0000	25.78
45.5000	25.78
46.0000	25.78
46.5000	25.77
47.0000	25.78
47.5000	25.77
48.0000	25.77
48.5000	25.77
49.0000	25.77
49.5000	25.76
50.0000	25.77
50.5000	25.76
51.0000	25.77
51.5000	25.76
52.0000	25.76
52.5000	25.76
53.0000	25.76
53.5000	25.75
54.0000	25.75
54.5000	25.75
55.0000	25.75
55.5000	25.75
56.0000	25.75
56.5000	25.75
57.0000	25.75
57.5000	25.75
58.0000	25.75
58.5000	25.75
59.0000	25.75
59.5000	25.74
60.0000	25.74
60.5000	25.75
61.0000	25.74
61.5000	25.74
62.0000	25.74
62.5000	25.74
63.0000	25.74
63.5000	25.74
64.0000	25.74
64.5000	25.74
65.0000	25.74
65.5000	25.73
66.0000	25.74
66.5000	25.73
67.0000	25.74
67.5000	25.74
68.0000	25.73
68.5000	25.74
69.0000	25.73
69.5000	25.73
70.0000	25.73
70.5000	25.73
71.0000	25.73
71.5000	25.73
72.0000	25.73
72.5000	25.72
73.0000	25.72
73.5000	25.72
74.0000	25.73
74.5000	25.72
75.0000	25.72
75.5000	25.72
76.0000	25.73
76.5000	25.72
77.0000	25.72
77.5000	25.72
78.0000	25.72
78.5000	25.73
79.0000	25.72
79.5000	25.73
80.0000	25.72
80.5000	25.71
81.0000	25.72
81.5000	25.72
82.0000	25.72
82.5000	25.72
83.0000	25.72
83.5000	25.72
84.0000	25.72
84.5000	25.73
85.0000	25.72
85.5000	25.72
86.0000	25.72
86.5000	25.72
87.0000	25.72
87.5000	25.72
88.0000	25.72
88.5000	25.72
89.0000	25.73
89.5000	25.73
90.0000	25.73
90.5000	25.73
91.0000	25.73
91.5000	25.73
92.0000	25.73
92.5000	25.73
93.0000	25.73
93.5000	25.73
94.0000	25.73
94.5000	25.73
95.0000	25.73
95.5000	25.73
96.0000	25.73
96.5000	25.73
97.0000	25.73
97.5000	25.73
98.0000	25.73
98.5000	25.73
99.0000	25.73
99.5000	25.74
100.0000	25.74
100.5000	25.73
101.0000	25.74
101.5000	25.74
102.0000	25.74
102.5000	25.74
103.0000	25.74
103.5000	25.74
104.0000	25.74
104.5000	25.74
105.0000	25.74
105.5000	25.75
106.0000	25.75
106.5000	25.75
107.0000	25.75
107.5000	25.75
108.0000	25.75
108.5000	25.76
109.0000	25.76
109.5000	25.76
110.0000	25.76
110.5000	25.76
111.0000	25.76
111.5000	25.76
112.0000	25.77
112.5000	25.77
113.0000	25.77
113.5000	25.77
114.0000	25.77
114.5000	25.77
115.0000	25.77
115.5000	25.78
116.0000	25.78
116.5000	25.77
117.0000	25.78
117.5000	25.78
118.0000	25.78
118.5000	25.78
119.0000	25.79
119.5000	25.78
120.0000	25.78
120.5000	25.79
121.0000	25.79
121.5000	25.78
122.0000	25.79
122.5000	25.79
123.0000	25.79
123.5000	25.79
124.0000	25.79
124.5000	25.79
125.0000	25.79
125.5000	25.79
126.0000	25.79
126.5000	25.79
127.0000	25.79
127.5000	25.79
128.0000	25.79
128.5000	25.79
129.0000	25.79
129.5000	25.79
130.0000	25.79
130.5000	25.79
131.0000	25.79
131.5000	25.79
132.0000	25.79
132.5000	25.79
133.0000	25.79
133.5000	25.79
134.0000	25.79
134.5000	25.79
135.0000	25.79
135.5000	25.79
136.0000	25.79
136.5000	25.78
137.0000	25.79
137.5000	25.78
138.0000	25.78
138.5000	25.78
139.0000	25.79
139.5000	25.78
140.0000	25.78
140.5000	25.78
141.0000	25.79
141.5000	25.78
142.0000	25.78
142.5000	25.78
143.0000	25.79
143.5000	25.78
144.0000	25.79
144.5000	25.79
145.0000	25.78
145.5000	25.79
146.0000	25.78
146.5000	25.79
147.0000	25.79
147.5000	25.79
148.0000	25.79
148.5000	25.79
149.0000	25.79
149.5000	25.79
150.0000	25.78
150.5000	25.79
151.0000	25.79
151.5000	25.79
152.0000	25.79
152.5000	25.79
153.0000	25.79
153.5000	25.79
154.0000	25.79
154.5000	25.80
155.0000	25.80
155.5000	25.79
156.0000	25.79
156.5000	25.80
157.0000	25.80
157.5000	25.79
158.0000	25.79
158.5000	25.80
159.0000	25.79
159.5000	25.79
160.0000	25.80
160.5000	25.80
161.0000	25.79
161.5000	25.80
162.0000	25.80
162.5000	25.80
163.0000	25.80
163.5000	25.80
164.0000	25.80
164.5000	25.80
165.0000	25.80
165.5000	25.80
166.0000	25.80
166.5000	25.80
167.0000	25.80
167.5000	25.80
168.0000	25.80
168.5000	25.80
169.0000	25.80
169.5000	25.80
170.0000	25.80
170.5000	25.80
171.0000	25.80
171.5000	25.80
172.0000	25.80
172.5000	25.80
173.0000	25.80
173.5000	25.80
174.0000	25.80
174.5000	25.80
175.0000	25.79
175.5000	25.79
176.0000	25.80
176.5000	25.80
177.0000	25.80
177.5000	25.80
178.0000	25.80
178.5000	25.80
179.0000	25.79
179.5000	25.80
180.0000	25.80
180.5000	25.79
181.0000	25.80
181.5000	25.80
182.0000	25.79
182.5000	25.80
183.0000	25.81
183.5000	25.80
184.0000	25.81
184.5000	25.80
185.0000	25.80
185.5000	25.81
186.0000	25.81
186.5000	25.81
187.0000	25.81
187.5000	25.81
188.0000	25.80
188.5000	25.80
189.0000	25.81
189.5000	25.81
190.0000	25.81
190.5000	25.81
191.0000	25.81
191.5000	25.81
192.0000	25.81
192.5000	25.80
193.0000	25.81
193.5000	25.81
194.0000	25.80
194.5000	25.80
195.0000	25.80
195.5000	25.81
196.0000	25.81
196.5000	25.81
197.0000	25.80
197.5000	25.80
198.0000	25.80
198.5000	25.80
199.0000	25.80
199.5000	25.80
200.0000	25.80
200.5000	25.80
201.0000	25.80
201.5000	25.81
202.0000	25.80
202.5000	25.80
203.0000	25.79
203.5000	25.79
204.0000	25.79
204.5000	25.79
205.0000	25.79
205.5000	25.79
206.0000	25.79
206.5000	25.79
207.0000	25.79
207.5000	25.79
208.0000	25.79
208.5000	25.78
209.0000	25.79
209.5000	25.79
210.0000	25.79
210.5000	25.78
211.0000	25.78
211.5000	25.79
212.0000	25.79
212.5000	25.78
213.0000	25.79
213.5000	25.79
214.0000	25.79
214.5000	25.78
215.0000	25.78
215.5000	25.78
216.0000	25.78
216.5000	25.78
217.0000	25.79
217.5000	25.78
218.0000	25.78
218.5000	25.78
219.0000	25.79
219.5000	25.78
220.0000	25.78
220.5000	25.79
221.0000	25.78
221.5000	25.78
222.0000	25.79
222.5000	25.79
223.0000	25.79
223.5000	25.79
224.0000	25.79
224.5000	25.79
225.0000	25.79
225.5000	25.79
226.0000	25.79
226.5000	25.79
227.0000	25.79
227.5000	25.79
228.0000	25.80
228.5000	25.79
229.0000	25.80
229.5000	25.79
230.0000	25.80
230.5000	25.80
231.0000	25.80
231.5000	25.80
232.0000	25.80
232.5000	25.80
233.0000	25.81
233.5000	25.80
234.0000	25.80
234.5000	25.80
235.0000	25.80
235.5000	25.80
236.0000	25.80
236.5000	25.80
237.0000	25.80
237.5000	25.80
238.0000	25.80
238.5000	25.80
239.0000	25.81
239.5000	25.80
240.0000	25.80
240.5000	25.80
241.0000	25.80
241.5000	25.80
242.0000	25.81
242.5000	25.80
243.0000	25.80
243.5000	25.80
244.0000	25.79
244.5000	25.80
245.0000	25.80
245.5000	25.80
246.0000	25.79
246.5000	25.80
247.0000	25.80
247.5000	25.79
248.0000	25.79
248.5000	25.79
249.0000	25.79
249.5000	25.79
250.0000	25.79
250.5000	25.79
251.0000	25.79
251.5000	25.79
252.0000	25.79
252.5000	25.79
253.0000	25.78
253.5000	25.79
254.0000	25.79
254.5000	25.79
255.0000	25.79
255.5000	25.78
256.0000	25.78
256.5000	25.79
257.0000	25.78
257.5000	25.79
258.0000	25.78
258.5000	25.79
259.0000	25.79
259.5000	25.79
260.0000	25.79
260.5000	25.79
261.0000	25.79
261.5000	25.79
262.0000	25.79
262.5000	25.80
263.0000	25.79
263.5000	25.80
264.0000	25.79
264.5000	25.79
265.0000	25.79
265.5000	25.80
266.0000	25.80
266.5000	25.80
267.0000	25.79
267.5000	25.80
268.0000	25.80
268.5000	25.80
269.0000	25.80
269.5000	25.80
270.0000	25.81
270.5000	25.80
271.0000	25.80
271.5000	25.81
272.0000	25.81
272.5000	25.81
273.0000	25.81
273.5000	25.81
274.0000	25.81
274.5000	25.82
275.0000	25.81
275.5000	25.81
276.0000	25.81
276.5000	25.82
277.0000	25.82
277.5000	25.82
278.0000	25.83
278.5000	25.82
279.0000	25.82
279.5000	25.82
280.0000	25.82
280.5000	25.82
281.0000	25.83
281.5000	25.82
282.0000	25.83
282.5000	25.82
283.0000	25.83
283.5000	25.83
284.0000	25.83
284.5000	25.83
285.0000	25.83
285.5000	25.83
286.0000	25.83
286.5000	25.83
287.0000	25.84
287.5000	25.84
288.0000	25.84
288.5000	25.84
289.0000	25.84
289.5000	25.85
290.0000	25.84
290.5000	25.84
291.0000	25.85
291.5000	25.85
292.0000	25.86
292.5000	25.85
293.0000	25.85
293.5000	25.86
294.0000	25.86
294.5000	25.86
295.0000	25.86
295.5000	25.86
296.0000	25.87
296.5000	25.87
297.0000	25.87
297.5000	25.87
298.0000	25.86
298.5000	25.86
299.0000	25.87
299.5000	25.87
300.0000	25.87
300.5000	25.87
301.0000	25.88
301.5000	25.87
302.0000	25.87
302.5000	25.88
303.0000	25.88
303.5000	25.88
304.0000	25.88
304.5000	25.88
305.0000	25.88
305.5000	25.89
306.0000	25.88
306.5000	25.89
307.0000	25.89
307.5000	25.89
308.0000	25.89
308.5000	25.90
309.0000	25.90
309.5000	25.90
310.0000	25.91
310.5000	25.90
311.0000	25.90
311.5000	25.91
312.0000	25.91
312.5000	25.91
313.0000	25.91
313.5000	25.91
314.0000	25.91
314.5000	25.92
315.0000	25.92
315.5000	25.91
316.0000	25.92
316.5000	25.92
317.0000	25.92
317.5000	25.92
318.0000	25.92
318.5000	25.92
319.0000	25.92
319.5000	25.91
320.0000	25.93
320.5000	25.92
321.0000	25.93
321.5000	25.93
322.0000	25.92
322.5000	25.92
323.0000	25.92
323.5000	25.92
324.0000	25.92
324.5000	25.92
325.0000	25.93
325.5000	25.93
326.0000	25.93
326.5000	25.93
327.0000	25.93
327.5000	25.93
328.0000	25.93
328.5000	25.93
329.0000	25.94
329.5000	25.94
330.0000	25.94
330.5000	25.94
331.0000	25.94
331.5000	25.94
332.0000	25.94
332.5000	25.94
333.0000	25.94
333.5000	25.94
334.0000	25.94
334.5000	25.94
335.0000	25.95
335.5000	25.95
336.0000	25.95
336.5000	25.95
337.0000	25.95
337.5000	25.95
338.0000	25.95
338.5000	25.95
339.0000	25.95
339.5000	25.96
340.0000	25.96
340.5000	25.96
341.0000	25.96
341.5000	25.97
342.0000	25.97
342.5000	25.97
343.0000	25.97
343.5000	25.98
344.0000	25.97
344.5000	25.97
345.0000	25.97
345.5000	25.98
346.0000	25.98
346.5000	25.98
347.0000	25.98
347.5000	25.98
348.0000	25.99
348.5000	26.00
349.0000	26.00
349.5000	25.99
350.0000	26.00
350.5000	26.00
351.0000	26.01
351.5000	26.00
352.0000	26.00
352.5000	26.00
353.0000	26.01
353.5000	26.01
354.0000	26.01
354.5000	26.01
355.0000	26.01
355.5000	26.02
356.0000	26.02
356.5000	26.02
357.0000	26.02
357.5000	26.02
358.0000	26.02
358.5000	26.02
359.0000	26.02
359.5000	26.02
360.0000	26.03
360.5000	26.03
361.0000	26.03
361.5000	26.03
362.0000	26.03
362.5000	26.03
363.0000	26.03
363.5000	26.03
364.0000	26.03
364.5000	26.03
365.0000	26.04
365.5000	26.04
366.0000	26.04
366.5000	26.04
367.0000	26.04
367.5000	26.03
368.0000	26.04
368.5000	26.04
369.0000	26.04
369.5000	26.04
370.0000	26.04
370.5000	26.04
371.0000	26.04
371.5000	26.04
372.0000	26.04
372.5000	26.04
373.0000	26.04
373.5000	26.04
374.0000	26.04
374.5000	26.04
375.0000	26.04
375.5000	26.04
376.0000	26.04
376.5000	26.04
377.0000	26.04
377.5000	26.04
378.0000	26.04
378.5000	26.04
379.0000	26.04
379.5000	26.04
380.0000	26.04
380.5000	26.04
381.0000	26.04
381.5000	26.04
382.0000	26.05
382.5000	26.05
383.0000	26.05
383.5000	26.04
384.0000	26.05
384.5000	26.05
385.0000	26.04
385.5000	26.04
386.0000	26.06
386.5000	26.05
387.0000	26.05
387.5000	26.05
388.0000	26.05
388.5000	26.05
389.0000	26.05
389.5000	26.05
390.0000	26.05
390.5000	26.05
391.0000	26.05
391.5000	26.04
392.0000	26.05
392.5000	26.05
393.0000	26.05
393.5000	26.05
394.0000	26.04
394.5000	26.04
395.0000	26.05
395.5000	26.05
396.0000	26.04
396.5000	26.05
397.0000	26.04
397.5000	26.05
398.0000	26.04
398.5000	26.05
399.0000	26.04
399.5000	26.04
400.0000	26.04
400.5000	26.04
401.0000	26.04
401.5000	26.04
402.0000	26.04
402.5000	26.04
403.0000	26.04
403.5000	26.04
404.0000	26.03
404.5000	26.04
405.0000	26.04
405.5000	26.03
406.0000	26.03
406.5000	26.04
407.0000	26.03
407.5000	26.03
408.0000	26.03
408.5000	26.03
409.0000	26.03
409.5000	26.03
410.0000	26.03
410.5000	26.03
411.0000	26.02
411.5000	26.03
412.0000	26.03
412.5000	26.03
413.0000	26.03
413.5000	26.02
414.0000	26.02
414.5000	26.02
415.0000	26.02
415.5000	26.02
416.0000	26.02
416.5000	26.02
417.0000	26.02
417.5000	26.02
418.0000	26.02
418.5000	26.01
419.0000	26.02
419.5000	26.01
420.0000	26.02
420.5000	26.02
421.0000	26.01
421.5000	26.02
422.0000	26.01
422.5000	26.01
423.0000	26.01
423.5000	26.01
424.0000	26.02
424.5000	26.01
425.0000	26.01
425.5000	26.01
426.0000	26.01
426.5000	26.01
427.0000	26.02
427.5000	26.02
428.0000	26.01
428.5000	26.01
429.0000	26.01
429.5000	26.01
430.0000	26.01
430.5000	26.02
431.0000	26.02
431.5000	26.02
432.0000	26.01
432.5000	26.01
433.0000	26.01
433.5000	26.02
434.0000	26.02
434.5000	26.02
435.0000	26.01
435.5000	26.02
436.0000	26.02
436.5000	26.02
437.0000	26.02
437.5000	26.02
438.0000	26.02
438.5000	26.02
439.0000	26.02
439.5000	26.02
440.0000	26.02
440.5000	26.02
441.0000	26.02
441.5000	26.03
442.0000	26.02
442.5000	26.02
443.0000	26.02
443.5000	26.02
444.0000	26.02
444.5000	26.02
445.0000	26.02
445.5000	26.02
446.0000	26.02
446.5000	26.02
447.0000	26.03
447.5000	26.02
448.0000	26.03
448.5000	26.02
449.0000	26.03
449.5000	26.03
450.0000	26.03
450.5000	26.03
451.0000	26.03
451.5000	26.03
452.0000	26.03
452.5000	26.03
453.0000	26.03
453.5000	26.03
454.0000	26.03
454.5000	26.03
455.0000	26.03
455.5000	26.03
456.0000	26.04
456.5000	26.04
457.0000	26.03
457.5000	26.04
458.0000	26.03
458.5000	26.03
459.0000	26.04
459.5000	26.03
460.0000	26.03
460.5000	26.03
461.0000	26.03
461.5000	26.04
462.0000	26.03
462.5000	26.04
463.0000	26.04
463.5000	26.03
464.0000	26.03
464.5000	26.04
465.0000	26.04
465.5000	26.05
466.0000	26.04
466.5000	26.04
467.0000	26.04
467.5000	26.05
468.0000	26.04
468.5000	26.05
469.0000	26.05
469.5000	26.05
470.0000	26.05
470.5000	26.05
471.0000	26.05
471.5000	26.06
472.0000	26.06
472.5000	26.06
473.0000	26.06
473.5000	26.06
474.0000	26.07
474.5000	26.07
475.0000	26.07
475.5000	26.07
476.0000	26.07
476.5000	26.07
477.0000	26.07
477.5000	26.07
478.0000	26.08
478.5000	26.08
479.0000	26.08
479.5000	26.08
480.0000	26.08
480.5000	26.09
481.0000	26.08
481.5000	26.08
482.0000	26.09
482.5000	26.09
483.0000	26.08
483.5000	26.09
484.0000	26.09
484.5000	26.10
485.0000	26.09
485.5000	26.09
486.0000	26.09
486.5000	26.10
487.0000	26.10
487.5000	26.10
488.0000	26.10
488.5000	26.11
489.0000	26.10
489.5000	26.10
490.0000	26.10
490.5000	26.10
491.0000	26.10
491.5000	26.10
492.0000	26.11
492.5000	26.11
493.0000	26.11
493.5000	26.11
494.0000	26.11
494.5000	26.11
495.0000	26.11
495.5000	26.12
496.0000	26.12
496.5000	26.12
497.0000	26.11
497.5000	26.12
498.0000	26.12
498.5000	26.12
499.0000	26.13
499.5000	26.11
500.0000	26.12
500.5000	26.12
501.0000	26.13
501.5000	26.12
502.0000	26.13
502.5000	26.12
503.0000	26.13
503.5000	26.12
504.0000	26.13
504.5000	26.12
505.0000	26.13
505.5000	26.12
506.0000	26.12
506.5000	26.13
507.0000	26.13
507.5000	26.13
508.0000	26.13
508.5000	26.12
509.0000	26.14
509.5000	26.14
510.0000	26.13
510.5000	26.14
511.0000	26.14
511.5000	26.15
512.0000	26.14
512.5000	26.14
513.0000	26.15
513.5000	26.15
514.0000	26.15
514.5000	26.16
515.0000	26.15
515.5000	26.16
516.0000	26.17
516.5000	26.16
517.0000	26.16
517.5000	26.17
518.0000	26.17
518.5000	26.17
519.0000	26.17
519.5000	26.18
520.0000	26.18
520.5000	26.18
521.0000	26.18
521.5000	26.19
522.0000	26.18
522.5000	26.19
523.0000	26.19
523.5000	26.20
524.0000	26.20
524.5000	26.20
525.0000	26.20
525.5000	26.20
526.0000	26.21
526.5000	26.21
527.0000	26.20
527.5000	26.21
528.0000	26.21
528.5000	26.21
529.0000	26.21
529.5000	26.21
530.0000	26.21
530.5000	26.21
531.0000	26.21
531.5000	26.21
532.0000	26.21
532.5000	26.21
533.0000	26.21
533.5000	26.21
534.0000	26.22
534.5000	26.22
535.0000	26.21
535.5000	26.21
536.0000	26.21
536.5000	26.21
537.0000	26.22
537.5000	26.22
538.0000	26.21
538.5000	26.21
539.0000	26.21
539.5000	26.21
540.0000	26.22
540.5000	26.22
541.0000	26.21
541.5000	26.21
542.0000	26.21
542.5000	26.21
543.0000	26.21
543.5000	26.21
544.0000	26.21
544.5000	26.21
545.0000	26.21
545.5000	26.21
546.0000	26.21
546.5000	26.21
547.0000	26.21
547.5000	26.21
548.0000	26.21
548.5000	26.21
549.0000	26.20
549.5000	26.21
550.0000	26.20
550.5000	26.21
551.0000	26.21
551.5000	26.20
552.0000	26.20
552.5000	26.20
553.0000	26.20
553.5000	26.20
554.0000	26.20
554.5000	26.20
555.0000	26.19
555.5000	26.19
556.0000	26.19
556.5000	26.19
557.0000	26.19
557.5000	26.18
558.0000	26.19
558.5000	26.18
559.0000	26.18
559.5000	26.18
560.0000	26.18
560.5000	26.18
561.0000	26.18
561.5000	26.18
562.0000	26.18
562.5000	26.18
563.0000	26.17
563.5000	26.18
564.0000	26.17
564.5000	26.17
565.0000	26.18
565.5000	26.17
566.0000	26.18
566.5000	26.17
567.0000	26.17
567.5000	26.16
568.0000	26.17
568.5000	26.17
569.0000	26.16
569.5000	26.16
570.0000	26.16
570.5000	26.16
571.0000	26.16
571.5000	26.16
572.0000	26.16
572.5000	26.15
573.0000	26.16
573.5000	26.16
574.0000	26.16
574.5000	26.15
575.0000	26.15
575.5000	26.14
576.0000	26.14
576.5000	26.14
577.0000	26.14
577.5000	26.13
578.0000	26.14
578.5000	26.13
579.0000	26.13
579.5000	26.13
580.0000	26.13
580.5000	26.12
581.0000	26.12
581.5000	26.12
582.0000	26.13
582.5000	26.12
583.0000	26.12
583.5000	26.12
584.0000	26.12
584.5000	26.12
585.0000	26.11
585.5000	26.11
586.0000	26.11
586.5000	26.11
587.0000	26.11
587.5000	26.10
588.0000	26.10
588.5000	26.10
589.0000	26.10
589.5000	26.10
590.0000	26.09
590.5000	26.09
591.0000	26.09
591.5000	26.09
592.0000	26.09
592.5000	26.09
593.0000	26.08
593.5000	26.08
594.0000	26.08
594.5000	26.07
595.0000	26.07
595.5000	26.07
596.0000	26.07
596.5000	26.07
597.0000	26.07
597.5000	26.07
598.0000	26.06
598.5000	26.06
599.0000	26.07
599.5000	26.06
600.0000	26.06
600.5000	26.06
601.0000	26.07
601.5000	26.06
602.0000	26.05
602.5000	26.05
603.0000	26.05
603.5000	26.06
604.0000	26.06
604.5000	26.05
605.0000	26.05
605.5000	26.05
606.0000	26.06
606.5000	26.05
607.0000	26.05
607.5000	26.05
608.0000	26.05
608.5000	26.05
609.0000	26.05
609.5000	26.05
610.0000	26.05
610.5000	26.04
611.0000	26.05
611.5000	26.04
612.0000	26.04
612.5000	26.04
613.0000	26.04
613.5000	26.04
614.0000	26.04
614.5000	26.04
615.0000	26.04
615.5000	26.04
616.0000	26.04
616.5000	26.04
617.0000	26.04
617.5000	26.04
618.0000	26.04
618.5000	26.04
619.0000	26.04
619.5000	26.04
620.0000	26.04
620.5000	26.04
621.0000	26.04
621.5000	26.04
622.0000	26.04
622.5000	26.04
623.0000	26.04
623.5000	26.04
624.0000	26.03
624.5000	26.04
625.0000	26.04
625.5000	26.04
626.0000	26.03
626.5000	26.03
627.0000	26.04
627.5000	26.03
628.0000	26.04
628.5000	26.03
629.0000	26.02
629.5000	26.03
630.0000	26.02
630.5000	26.03
631.0000	26.03
631.5000	26.03
632.0000	26.02
632.5000	26.03
633.0000	26.02
633.5000	26.02
634.0000	26.02
634.5000	26.02
635.0000	26.02
635.5000	26.02
636.0000	26.02
636.5000	26.02
637.0000	26.02
637.5000	26.02
638.0000	26.02
638.5000	26.02
639.0000	26.02
639.5000	26.02
640.0000	26.02
640.5000	26.02
641.0000	26.02
641.5000	26.02
642.0000	26.02
642.5000	26.02
643.0000	26.03
643.5000	26.03
644.0000	26.03
644.5000	26.03
645.0000	26.03
645.5000	26.03
646.0000	26.03
646.5000	26.03
647.0000	26.03
647.5000	26.03
648.0000	26.03
648.5000	26.03
649.0000	26.03
649.5000	26.03
650.0000	26.03
650.5000	26.03
651.0000	26.03
651.5000	26.03
652.0000	26.03
652.5000	26.03
653.0000	26.03
653.5000	26.03
654.0000	26.03
654.5000	26.03
655.0000	26.03
655.5000	26.03
656.0000	26.03
656.5000	26.03
657.0000	26.03
657.5000	26.03
658.0000	26.03
658.5000	26.03
659.0000	26.03
659.5000	26.03
660.0000	26.03
660.5000	26.03
661.0000	26.03
661.5000	26.03
662.0000	26.03
662.5000	26.03
663.0000	26.03
663.5000	26.03
664.0000	26.03
664.5000	26.03
665.0000	26.03
665.5000	26.03
666.0000	26.03
666.5000	26.03
667.0000	26.03
667.5000	26.03
668.0000	26.04
668.5000	26.03
669.0000	26.03
669.5000	26.04
670.0000	26.04
670.5000	26.03
671.0000	26.04
671.5000	26.04
672.0000	26.04
672.5000	26.04
673.0000	26.04
673.5000	26.04
674.0000	26.04
674.5000	26.04
675.0000	26.04
675.5000	26.05
676.0000	26.05
676.5000	26.05
677.0000	26.05
677.5000	26.06
678.0000	26.06
678.5000	26.05
679.0000	26.06
679.5000	26.06
680.0000	26.07
680.5000	26.07
681.0000	26.07
681.5000	26.07
682.0000	26.07
682.5000	26.07
683.0000	26.08
683.5000	26.08
684.0000	26.08
684.5000	26.08
685.0000	26.08
685.5000	26.08
686.0000	26.09
686.5000	26.10
687.0000	26.09
687.5000	26.10
688.0000	26.09
688.5000	26.10
689.0000	26.09
689.5000	26.10
690.0000	26.09
690.5000	26.10
691.0000	26.10
691.5000	26.11
692.0000	26.10
692.5000	26.11
693.0000	26.11
693.5000	26.11
694.0000	26.11
694.5000	26.11
695.0000	26.12
695.5000	26.12
696.0000	26.11
696.5000	26.12
697.0000	26.12
697.5000	26.13
698.0000	26.13
698.5000	26.13
699.0000	26.13
699.5000	26.13
700.0000	26.14
700.5000	26.14
701.0000	26.14
701.5000	26.14
702.0000	26.15
702.5000	26.14
703.0000	26.14
703.5000	26.15
704.0000	26.15
704.5000	26.16
705.0000	26.15
705.5000	26.15
706.0000	26.16
706.5000	26.16
707.0000	26.16
707.5000	26.16
708.0000	26.16
708.5000	26.17
709.0000	26.17
709.5000	26.17
710.0000	26.17
710.5000	26.17
711.0000	26.18
711.5000	26.18
712.0000	26.17
712.5000	26.17
713.0000	26.17
713.5000	26.18
714.0000	26.18
714.5000	26.18
715.0000	26.18
715.5000	26.18
716.0000	26.18
716.5000	26.18
717.0000	26.18
717.5000	26.18
718.0000	26.19
718.5000	26.19
719.0000	26.18
719.5000	26.18
720.0000	26.18
720.5000	26.19
721.0000	26.18
721.5000	26.19
722.0000	26.18
722.5000	26.19
723.0000	26.19
723.5000	26.19
724.0000	26.19
724.5000	26.19
725.0000	26.19
725.5000	26.20
726.0000	26.20
726.5000	26.20
727.0000	26.20
727.5000	26.20
728.0000	26.20
728.5000	26.20
729.0000	26.20
729.5000	26.20
730.0000	26.20
730.5000	26.20
731.0000	26.20
731.5000	26.20
732.0000	26.20
732.5000	26.19
733.0000	26.20
733.5000	26.20
734.0000	26.20
734.5000	26.20
735.0000	26.19
735.5000	26.19
736.0000	26.20
736.5000	26.20
737.0000	26.20
737.5000	26.20
738.0000	26.20
738.5000	26.20
739.0000	26.19
739.5000	26.20
740.0000	26.19
740.5000	26.19
741.0000	26.19
741.5000	26.19
742.0000	26.19
742.5000	26.20
743.0000	26.19
743.5000	26.20
744.0000	26.19
744.5000	26.19
745.0000	26.19
745.5000	26.19
746.0000	26.19
746.5000	26.18
747.0000	26.18
747.5000	26.19
748.0000	26.18
748.5000	26.19
749.0000	26.18
749.5000	26.18
750.0000	26.19
750.5000	26.18
751.0000	26.17
751.5000	26.18
752.0000	26.18
752.5000	26.18
753.0000	26.17
753.5000	26.18
754.0000	26.17
754.5000	26.17
755.0000	26.17
755.5000	26.17
756.0000	26.17
756.5000	26.17
757.0000	26.17
757.5000	26.17
758.0000	26.17
758.5000	26.17
759.0000	26.17
759.5000	26.16
760.0000	26.16
760.5000	26.16
761.0000	26.16
761.5000	26.16
762.0000	26.16
762.5000	26.15
763.0000	26.15
763.5000	26.15
764.0000	26.14
764.5000	26.15
765.0000	26.14
765.5000	26.15
766.0000	26.14
766.5000	26.15
767.0000	26.15
767.5000	26.14
768.0000	26.14
768.5000	26.14
769.0000	26.14
769.5000	26.13
770.0000	26.14
770.5000	26.13
771.0000	26.13
771.5000	26.13
772.0000	26.13
772.5000	26.13
773.0000	26.12
773.5000	26.13
774.0000	26.12
774.5000	26.12
775.0000	26.13
775.5000	26.12
776.0000	26.12
776.5000	26.12
777.0000	26.12
777.5000	26.12
778.0000	26.12
778.5000	26.12
779.0000	26.12
779.5000	26.12
780.0000	26.12
780.5000	26.12
781.0000	26.12
781.5000	26.12
782.0000	26.12
782.5000	26.12
783.0000	26.13
783.5000	26.12
784.0000	26.12
784.5000	26.12
785.0000	26.12
785.5000	26.12
786.0000	26.12
786.5000	26.12
787.0000	26.12
787.5000	26.13
788.0000	26.12
788.5000	26.13
789.0000	26.13
789.5000	26.12
790.0000	26.12
790.5000	26.13
791.0000	26.12
791.5000	26.12
792.0000	26.13
792.5000	26.12
793.0000	26.13
793.5000	26.13
794.0000	26.13
794.5000	26.13
795.0000	26.13
795.5000	26.13
796.0000	26.12
796.5000	26.13
797.0000	26.12
797.5000	26.13
798.0000	26.13
798.5000	26.13
799.0000	26.13
799.5000	26.13
800.0000	26.13
800.5000	26.13
801.0000	26.13
801.5000	26.13
802.0000	26.14
802.5000	26.13
803.0000	26.14
803.5000	26.13
804.0000	26.14
804.5000	26.14
805.0000	26.14
805.5000	26.14
806.0000	26.14
806.5000	26.14
807.0000	26.15
807.5000	26.14
808.0000	26.14
808.5000	26.15
809.0000	26.15
809.5000	26.14
810.0000	26.15
810.5000	26.15
811.0000	26.15
811.5000	26.15
812.0000	26.15
812.5000	26.15
813.0000	26.15
813.5000	26.15
814.0000	26.15
814.5000	26.15
815.0000	26.16
815.5000	26.15
816.0000	26.16
816.5000	26.16
817.0000	26.15
817.5000	26.16
818.0000	26.16
818.5000	26.16
819.0000	26.16
819.5000	26.16
820.0000	26.15
820.5000	26.17
821.0000	26.16
821.5000	26.16
822.0000	26.16
822.5000	26.16
823.0000	26.16
823.5000	26.16
824.0000	26.16
824.5000	26.17
825.0000	26.16
825.5000	26.17
826.0000	26.16
826.5000	26.17
827.0000	26.17
827.5000	26.17
828.0000	26.17
828.5000	26.17
829.0000	26.17
829.5000	26.17
830.0000	26.17
830.5000	26.18
831.0000	26.17
831.5000	26.18
832.0000	26.18
832.5000	26.17
833.0000	26.18
833.5000	26.19
834.0000	26.19
834.5000	26.19
835.0000	26.19
835.5000	26.20
836.0000	26.19
836.5000	26.19
837.0000	26.20
837.5000	26.20
838.0000	26.20
838.5000	26.20
839.0000	26.20
839.5000	26.21
840.0000	26.21
840.5000	26.21
841.0000	26.21
841.5000	26.21
842.0000	26.21
842.5000	26.21
843.0000	26.22
843.5000	26.21
844.0000	26.22
844.5000	26.22
845.0000	26.22
845.5000	26.22
846.0000	26.22
846.5000	26.22
847.0000	26.23
847.5000	26.22
848.0000	26.23
848.5000	26.23
849.0000	26.24
849.5000	26.23
850.0000	26.23
850.5000	26.24
851.0000	26.24
851.5000	26.24
852.0000	26.24
852.5000	26.24
853.0000	26.25
853.5000	26.25
854.0000	26.25
854.5000	26.26
855.0000	26.26
855.5000	26.25
856.0000	26.25
856.5000	26.26
857.0000	26.26
857.5000	26.26
858.0000	26.27
858.5000	26.26
859.0000	26.27
859.5000	26.27
860.0000	26.27
860.5000	26.27
861.0000	26.27
861.5000	26.27
862.0000	26.27
862.5000	26.27
863.0000	26.28
863.5000	26.28
864.0000	26.28
864.5000	26.28
865.0000	26.28
865.5000	26.28
866.0000	26.28
866.5000	26.28
867.0000	26.28
867.5000	26.28
868.0000	26.28
868.5000	26.29
869.0000	26.29
869.5000	26.29
870.0000	26.30
870.5000	26.30
871.0000	26.30
871.5000	26.30
872.0000	26.30
872.5000	26.31
873.0000	26.30
873.5000	26.31
874.0000	26.31
874.5000	26.31
875.0000	26.31
875.5000	26.31
876.0000	26.31
876.5000	26.31
877.0000	26.32
877.5000	26.31
878.0000	26.32
878.5000	26.32
879.0000	26.32
879.5000	26.32
880.0000	26.32
880.5000	26.32
881.0000	26.32
881.5000	26.32
882.0000	26.32
882.5000	26.32
883.0000	26.32
883.5000	26.32
884.0000	26.32
884.5000	26.32
885.0000	26.32
885.5000	26.33
886.0000	26.33
886.5000	26.33
887.0000	26.33
887.5000	26.33
888.0000	26.33
888.5000	26.34
889.0000	26.33
889.5000	26.33
890.0000	26.33
890.5000	26.33
891.0000	26.34
891.5000	26.33
892.0000	26.33
892.5000	26.34
893.0000	26.34
893.5000	26.34
894.0000	26.34
894.5000	26.34
895.0000	26.34
895.5000	26.34
896.0000	26.34
896.5000	26.34
897.0000	26.34
897.5000	26.35
898.0000	26.35
898.5000	26.34
899.0000	26.34
899.5000	26.34
900.0000	26.34
900.5000	26.35
901.0000	26.35
901.5000	26.35
902.0000	26.35
902.5000	26.35
903.0000	26.35
903.5000	26.34
904.0000	26.34
904.5000	26.35
905.0000	26.35
905.5000	26.35
906.0000	26.35
906.5000	26.35
907.0000	26.35
907.5000	26.34
908.0000	26.35
908.5000	26.35
909.0000	26.35
909.5000	26.35
910.0000	26.35
910.5000	26.35
911.0000	26.36
911.5000	26.36
912.0000	26.36
912.5000	26.35
913.0000	26.36
913.5000	26.36
914.0000	26.35
914.5000	26.35
915.0000	26.36
915.5000	26.36
916.0000	26.36
916.5000	26.36
917.0000	26.36
917.5000	26.36
918.0000	26.36
918.5000	26.36
919.0000	26.35
919.5000	26.36
920.0000	26.36
920.5000	26.36
921.0000	26.36
921.5000	26.35
922.0000	26.35
922.5000	26.36
923.0000	26.35
923.5000	26.35
924.0000	26.35
924.5000	26.35
925.0000	26.35
925.5000	26.35
926.0000	26.35
926.5000	26.34
927.0000	26.34
927.5000	26.34
928.0000	26.34
928.5000	26.34
929.0000	26.34
929.5000	26.34
930.0000	26.34
930.5000	26.34
931.0000	26.34
931.5000	26.33
932.0000	26.33
932.5000	26.34
933.0000	26.34
933.5000	26.33
934.0000	26.33
934.5000	26.34
935.0000	26.33
935.5000	26.33
936.0000	26.33
936.5000	26.33
937.0000	26.33
937.5000	26.33
938.0000	26.32
938.5000	26.33
939.0000	26.32
939.5000	26.32
940.0000	26.32
940.5000	26.32
941.0000	26.31
941.5000	26.32
942.0000	26.31
942.5000	26.31
943.0000	26.32
943.5000	26.32
944.0000	26.31
944.5000	26.31
945.0000	26.31
945.5000	26.32
946.0000	26.31
946.5000	26.31
947.0000	26.31
947.5000	26.31
948.0000	26.30
948.5000	26.30
949.0000	26.30
949.5000	26.30
950.0000	26.30
950.5000	26.31
951.0000	26.30
951.5000	26.30
952.0000	26.30
952.5000	26.30
953.0000	26.30
953.5000	26.30
954.0000	26.30
954.5000	26.30
955.0000	26.30
955.5000	26.30
956.0000	26.30
956.5000	26.30
957.0000	26.30
957.5000	26.30
958.0000	26.30
958.5000	26.30
959.0000	26.30
959.5000	26.30
960.0000	26.30
960.5000	26.30
961.0000	26.30
961.5000	26.30
962.0000	26.30
962.5000	26.29
963.0000	26.30
963.5000	26.30
964.0000	26.29
964.5000	26.29
965.0000	26.29
965.5000	26.29
966.0000	26.29
966.5000	26.29
967.0000	26.29
967.5000	26.28
968.0000	26.29
968.5000	26.29
969.0000	26.28
969.5000	26.28
970.0000	26.28
970.5000	26.28
971.0000	26.28
971.5000	26.28
972.0000	26.28
972.5000	26.27
973.0000	26.28
973.5000	26.28
974.0000	26.28
974.5000	26.28
975.0000	26.27
975.5000	26.27
976.0000	26.27
976.5000	26.27
977.0000	26.27
977.5000	26.27
978.0000	26.27
978.5000	26.26
979.0000	26.27
979.5000	26.27
980.0000	26.27
980.5000	26.27
981.0000	26.27
981.5000	26.27
982.0000	26.27
982.5000	26.26
983.0000	26.27
983.5000	26.27
984.0000	26.27
984.5000	26.27
985.0000	26.27
985.5000	26.27
986.0000	26.27
986.5000	26.27
987.0000	26.28
987.5000	26.27
988.0000	26.27
988.5000	26.27
989.0000	26.27
989.5000	26.28
990.0000	26.27
990.5000	26.27
991.0000	26.27
991.5000	26.27
992.0000	26.27
992.5000	26.27
993.0000	26.27
993.5000	26.28
994.0000	26.27
994.5000	26.28
995.0000	26.27
995.5000	26.27
996.0000	26.28
996.5000	26.28
997.0000	26.28
997.5000	26.28
998.0000	26.28
998.5000	26.28
999.0000	26.28
999.5000	26.29
1000.0000	26.29
1000.5000	26.29
1001.0000	26.28
1001.5000	26.29
1002.0000	26.28
1002.5000	26.29
1003.0000	26.29
1003.5000	26.29
1004.0000	26.30
1004.5000	26.29
1005.0000	26.29
1005.5000	26.29
1006.0000	26.29
1006.5000	26.29
1007.0000	26.30
1007.5000	26.30
1008.0000	26.29
1008.5000	26.29
1009.0000	26.30
1009.5000	26.29
1010.0000	26.29
1010.5000	26.29
1011.0000	26.29
1011.5000	26.29
1012.0000	26.29
1012.5000	26.29
1013.0000	26.29
1013.5000	26.30
1014.0000	26.28
1014.5000	26.29
1015.0000	26.29
1015.5000	26.29
1016.0000	26.29
1016.5000	26.30
1017.0000	26.29
1017.5000	26.29
1018.0000	26.29
1018.5000	26.29
1019.0000	26.29
1019.5000	26.29
1020.0000	26.29
1020.5000	26.29
1021.0000	26.29
1021.5000	26.29
1022.0000	26.29
1022.5000	26.29
1023.0000	26.29
1023.5000	26.29
1024.0000	26.29
1024.5000	26.30
1025.0000	26.29
1025.5000	26.30
1026.0000	26.30
1026.5000	26.30
1027.0000	26.30
1027.5000	26.30
1028.0000	26.30
1028.5000	26.30
1029.0000	26.30
1029.5000	26.30
1030.0000	26.30
1030.5000	26.30
1031.0000	26.30
1031.5000	26.29
1032.0000	26.30
1032.5000	26.30
1033.0000	26.29
1033.5000	26.29
1034.0000	26.30
1034.5000	26.30
1035.0000	26.29
1035.5000	26.30
1036.0000	26.29
1036.5000	26.29
1037.0000	26.29
1037.5000	26.29
1038.0000	26.29
1038.5000	26.29
1039.0000	26.29
1039.5000	26.29
1040.0000	26.29
1040.5000	26.29
1041.0000	26.30
1041.5000	26.30
1042.0000	26.29
1042.5000	26.30
1043.0000	26.30
1043.5000	26.30
1044.0000	26.30
1044.5000	26.30
1045.0000	26.30
1045.5000	26.31
1046.0000	26.30
1046.5000	26.30
1047.0000	26.31
1047.5000	26.30
1048.0000	26.31
1048.5000	26.31
1049.0000	26.30
1049.5000	26.31
1050.0000	26.31
1050.5000	26.31
1051.0000	26.31
1051.5000	26.30
1052.0000	26.31
1052.5000	26.31
1053.0000	26.31
1053.5000	26.31
1054.0000	26.31
1054.5000	26.30
1055.0000	26.31
1055.5000	26.31
1056.0000	26.31
1056.5000	26.31
1057.0000	26.31
1057.5000	26.31
1058.0000	26.31
1058.5000	26.31
1059.0000	26.31
1059.5000	26.31
1060.0000	26.31
1060.5000	26.31
1061.0000	26.30
1061.5000	26.31
1062.0000	26.31
1062.5000	26.31
1063.0000	26.31
1063.5000	26.31
1064.0000	26.31
1064.5000	26.31
1065.0000	26.31
1065.5000	26.30
1066.0000	26.31
1066.5000	26.31
1067.0000	26.30
1067.5000	26.30
1068.0000	26.31
1068.5000	26.30
1069.0000	26.31
1069.5000	26.30
1070.0000	26.30
1070.5000	26.31
1071.0000	26.30
1071.5000	26.30
1072.0000	26.31
1072.5000	26.30
1073.0000	26.30
1073.5000	26.30
1074.0000	26.30
1074.5000	26.30
1075.0000	26.30
1075.5000	26.30
1076.0000	26.30
1076.5000	26.30
1077.0000	26.30
1077.5000	26.30
1078.0000	26.30
1078.5000	26.30
1079.0000	26.29
1079.5000	26.29
1080.0000	26.29
1080.5000	26.29
1081.0000	26.29
1081.5000	26.28
1082.0000	26.30
1082.5000	26.29
1083.0000	26.29
1083.5000	26.29
1084.0000	26.29
1084.5000	26.30
1085.0000	26.29
1085.5000	26.30
1086.0000	26.29
1086.5000	26.29
1087.0000	26.29
1087.5000	26.30
1088.0000	26.30
1088.5000	26.29
1089.0000	26.29
1089.5000	26.29
1090.0000	26.29
1090.5000	26.29
1091.0000	26.29
1091.5000	26.29
1092.0000	26.29
1092.5000	26.29
1093.0000	26.29
1093.5000	26.30
1094.0000	26.29
1094.5000	26.29
1095.0000	26.30
1095.5000	26.29
1096.0000	26.29
1096.5000	26.29
1097.0000	26.29
1097.5000	26.29
1098.0000	26.29
1098.5000	26.29
1099.0000	26.29
1099.5000	26.29
1100.0000	26.29
1100.5000	26.29
1101.0000	26.28
1101.5000	26.29
1102.0000	26.29
1102.5000	26.29
1103.0000	26.28
1103.5000	26.29
1104.0000	26.28
1104.5000	26.28
1105.0000	26.28
1105.5000	26.28
1106.0000	26.28
1106.5000	26.28
1107.0000	26.28
1107.5000	26.28
1108.0000	26.28
1108.5000	26.28
1109.0000	26.28
1109.5000	26.27
1110.0000	26.27
1110.5000	26.28
1111.0000	26.27
1111.5000	26.27
1112.0000	26.27
1112.5000	26.27
1113.0000	26.27
1113.5000	26.27
1114.0000	26.27
1114.5000	26.27
1115.0000	26.28
1115.5000	26.27
1116.0000	26.27
1116.5000	26.27
1117.0000	26.27
1117.5000	26.27
1118.0000	26.27
1118.5000	26.27
1119.0000	26.27
1119.5000	26.27
1120.0000	26.27
1120.5000	26.27
1121.0000	26.26
1121.5000	26.27
1122.0000	26.27
1122.5000	26.27
1123.0000	26.26
1123.5000	26.27
1124.0000	26.27
1124.5000	26.27
1125.0000	26.27
1125.5000	26.26
1126.0000	26.26
1126.5000	26.27
1127.0000	26.27
1127.5000	26.26
1128.0000	26.26
1128.5000	26.27
1129.0000	26.26
1129.5000	26.26
1130.0000	26.26
1130.5000	26.27
1131.0000	26.26
1131.5000	26.26
1132.0000	26.26
1132.5000	26.26
1133.0000	26.25
1133.5000	26.26
1134.0000	26.26
1134.5000	26.26
1135.0000	26.26
1135.5000	26.26
1136.0000	26.26
1136.5000	26.26
1137.0000	26.26
1137.5000	26.26
1138.0000	26.26
1138.5000	26.26
1139.0000	26.27
1139.5000	26.27
1140.0000	26.27
1140.5000	26.27
1141.0000	26.27
1141.5000	26.27
1142.0000	26.27
1142.5000	26.26
1143.0000	26.27
1143.5000	26.26
1144.0000	26.27
1144.5000	26.27
1145.0000	26.27
1145.5000	26.27
1146.0000	26.27
1146.5000	26.27
1147.0000	26.27
1147.5000	26.27
1148.0000	26.27
1148.5000	26.27
1149.0000	26.27
1149.5000	26.27
1150.0000	26.27
1150.5000	26.26
1151.0000	26.27
1151.5000	26.27
1152.0000	26.27
1152.5000	26.26
1153.0000	26.26
1153.5000	26.26
1154.0000	26.25
1154.5000	26.26
1155.0000	26.26
1155.5000	26.25
1156.0000	26.25
1156.5000	26.25
1157.0000	26.25
1157.5000	26.24
1158.0000	26.24
1158.5000	26.25
1159.0000	26.24
1159.5000	26.24
1160.0000	26.24
1160.5000	26.24
1161.0000	26.23
1161.5000	26.24
1162.0000	26.23
1162.5000	26.23
1163.0000	26.23
1163.5000	26.23
1164.0000	26.22
1164.5000	26.23
1165.0000	26.23
1165.5000	26.22
1166.0000	26.22
1166.5000	26.21
1167.0000	26.21
1167.5000	26.21
1168.0000	26.21
1168.5000	26.20
1169.0000	26.20
1169.5000	26.20
1170.0000	26.20
1170.5000	26.20
1171.0000	26.20
1171.5000	26.19
1172.0000	26.19
1172.5000	26.18
1173.0000	26.19
1173.5000	26.19
1174.0000	26.18
1174.5000	26.18
1175.0000	26.18
1175.5000	26.18
1176.0000	26.18
1176.5000	26.18
1177.0000	26.18
1177.5000	26.18
1178.0000	26.17
1178.5000	26.17
1179.0000	26.17
1179.5000	26.17
1180.0000	26.17
1180.5000	26.17
1181.0000	26.17
1181.5000	26.16
1182.0000	26.17
1182.5000	26.16
1183.0000	26.16
1183.5000	26.16
1184.0000	26.16
1184.5000	26.16
1185.0000	26.16
1185.5000	26.16
1186.0000	26.16
1186.5000	26.15
1187.0000	26.16
1187.5000	26.16
1188.0000	26.15
1188.5000	26.15
1189.0000	26.16
1189.5000	26.15
1190.0000	26.15
1190.5000	26.15
1191.0000	26.15
1191.5000	26.15
1192.0000	26.15
1192.5000	26.15
1193.0000	26.15
1193.5000	26.15
1194.0000	26.15
1194.5000	26.16
1195.0000	26.15
1195.5000	26.15
1196.0000	26.15
1196.5000	26.16
1197.0000	26.15
1197.5000	26.16
1198.0000	26.16
1198.5000	26.16
1199.0000	26.16
1199.5000	26.16
1200.0000	26.17
1200.5000	26.16
1201.0000	26.16
1201.5000	26.17
1202.0000	26.17
1202.5000	26.17
1203.0000	26.17
1203.5000	26.17
1204.0000	26.17
1204.5000	26.18
1205.0000	26.18
1205.5000	26.18
1206.0000	26.18
1206.5000	26.18
1207.0000	26.18
1207.5000	26.18
1208.0000	26.18
1208.5000	26.18
1209.0000	26.18
1209.5000	26.19
1210.0000	26.19
1210.5000	26.19
1211.0000	26.19
1211.5000	26.19
1212.0000	26.19
1212.5000	26.20
1213.0000	26.19
1213.5000	26.19
1214.0000	26.20
1214.5000	26.20
1215.0000	26.20
1215.5000	26.20
1216.0000	26.20
1216.5000	26.20
1217.0000	26.20
1217.5000	26.20
1218.0000	26.20
1218.5000	26.20
1219.0000	26.20
1219.5000	26.20
1220.0000	26.21
1220.5000	26.21
1221.0000	26.20
1221.5000	26.21
1222.0000	26.21
1222.5000	26.21
1223.0000	26.21
1223.5000	26.21
1224.0000	26.21
1224.5000	26.21
1225.0000	26.21
1225.5000	26.21
1226.0000	26.21
1226.5000	26.21
1227.0000	26.21
1227.5000	26.22
1228.0000	26.22
1228.5000	26.22
1229.0000	26.22
1229.5000	26.22
1230.0000	26.22
1230.5000	26.22
1231.0000	26.22
1231.5000	26.23
1232.0000	26.22
1232.5000	26.23
1233.0000	26.23
1233.5000	26.23
1234.0000	26.23
1234.5000	26.24
1235.0000	26.23
1235.5000	26.24
1236.0000	26.24
1236.5000	26.23
1237.0000	26.24
1237.5000	26.24
1238.0000	26.24
1238.5000	26.24
1239.0000	26.24
1239.5000	26.24
1240.0000	26.25
1240.5000	26.25
1241.0000	26.24
1241.5000	26.25
1242.0000	26.25
1242.5000	26.25
1243.0000	26.25
1243.5000	26.24
1244.0000	26.24
1244.5000	26.25
1245.0000	26.25
1245.5000	26.25
1246.0000	26.25
1246.5000	26.26
1247.0000	26.26
1247.5000	26.26
1248.0000	26.25
1248.5000	26.26
1249.0000	26.26
1249.5000	26.25
1250.0000	26.26
1250.5000	26.26
1251.0000	26.26
1251.5000	26.26
1252.0000	26.26
1252.5000	26.27
1253.0000	26.27
1253.5000	26.26
1254.0000	26.26
1254.5000	26.27
1255.0000	26.26
1255.5000	26.27
1256.0000	26.27
1256.5000	26.27
1257.0000	26.27
1257.5000	26.27
1258.0000	26.27
1258.5000	26.28
1259.0000	26.27
1259.5000	26.27
1260.0000	26.27
1260.5000	26.27
1261.0000	26.27
1261.5000	26.28
1262.0000	26.28
1262.5000	26.28
1263.0000	26.28
1263.5000	26.28
1264.0000	26.28
1264.5000	26.28
1265.0000	26.28
1265.5000	26.28
1266.0000	26.28
1266.5000	26.28
1267.0000	26.28
1267.5000	26.28
1268.0000	26.28
1268.5000	26.28
1269.0000	26.28
1269.5000	26.27
1270.0000	26.28
1270.5000	26.28
1271.0000	26.28
1271.5000	26.28
1272.0000	26.28
1272.5000	26.28
1273.0000	26.28
1273.5000	26.28
1274.0000	26.28
1274.5000	26.28
1275.0000	26.28
1275.5000	26.28
1276.0000	26.29
1276.5000	26.28
1277.0000	26.28
1277.5000	26.28
1278.0000	26.29
1278.5000	26.29
1279.0000	26.29
1279.5000	26.29
1280.0000	26.29
1280.5000	26.28
1281.0000	26.29
1281.5000	26.29
1282.0000	26.29
1282.5000	26.29
1283.0000	26.29
1283.5000	26.28
1284.0000	26.29
1284.5000	26.29
1285.0000	26.29
1285.5000	26.29
1286.0000	26.29
1286.5000	26.29
1287.0000	26.30
1287.5000	26.29
1288.0000	26.29
1288.5000	26.30
1289.0000	26.29
1289.5000	26.29
1290.0000	26.29
1290.5000	26.29
1291.0000	26.29
1291.5000	26.29
1292.0000	26.29
1292.5000	26.29
1293.0000	26.29
1293.5000	26.29
1294.0000	26.29
1294.5000	26.29
1295.0000	26.29
1295.5000	26.29
1296.0000	26.29
1296.5000	26.29
1297.0000	26.29
1297.5000	26.29
1298.0000	26.29
1298.5000	26.28
1299.0000	26.29
1299.5000	26.29
1300.0000	26.29
1300.5000	26.28
1301.0000	26.28
1301.5000	26.28
1302.0000	26.28
1302.5000	26.28
1303.0000	26.28
1303.5000	26.28
1304.0000	26.28
1304.5000	26.27
1305.0000	26.28
1305.5000	26.27
1306.0000	26.28
1306.5000	26.27
1307.0000	26.27
1307.5000	26.27
1308.0000	26.27
1308.5000	26.26
1309.0000	26.26
1309.5000	26.26
1310.0000	26.27
1310.5000	26.26
1311.0000	26.26
1311.5000	26.26
1312.0000	26.26
1312.5000	26.26
1313.0000	26.26
1313.5000	26.26
1314.0000	26.26
1314.5000	26.27
1315.0000	26.27
1315.5000	26.25
1316.0000	26.26
1316.5000	26.26
1317.0000	26.26
1317.5000	26.26
1318.0000	26.25
1318.5000	26.26
1319.0000	26.26
1319.5000	26.26
1320.0000	26.27
1320.5000	26.26
1321.0000	26.26
1321.5000	26.26
1322.0000	26.26
1322.5000	26.26
1323.0000	26.26
1323.5000	26.25
1324.0000	26.26
1324.5000	26.26
1325.0000	26.25
1325.5000	26.26
1326.0000	26.25
1326.5000	26.25
1327.0000	26.25
1327.5000	26.25
1328.0000	26.24
1328.5000	26.24
1329.0000	26.24
1329.5000	26.24
1330.0000	26.24
1330.5000	26.24
1331.0000	26.24
1331.5000	26.23
1332.0000	26.24
1332.5000	26.24
1333.0000	26.24
1333.5000	26.24
1334.0000	26.24
1334.5000	26.24
1335.0000	26.24
1335.5000	26.25
1336.0000	26.24
1336.5000	26.24
1337.0000	26.24
1337.5000	26.24
1338.0000	26.24
1338.5000	26.25
1339.0000	26.25
1339.5000	26.24
1340.0000	26.24
1340.5000	26.24
1341.0000	26.25
1341.5000	26.24
1342.0000	26.24
1342.5000	26.25
1343.0000	26.25
1343.5000	26.24
1344.0000	26.24
1344.5000	26.24
1345.0000	26.25
1345.5000	26.24
1346.0000	26.24
1346.5000	26.24
1347.0000	26.24
1347.5000	26.24
1348.0000	26.25
1348.5000	26.25
1349.0000	26.25
1349.5000	26.25
1350.0000	26.25
1350.5000	26.25
1351.0000	26.25
1351.5000	26.25
1352.0000	26.25
1352.5000	26.25
1353.0000	26.25
1353.5000	26.25
1354.0000	26.24
1354.5000	26.25
1355.0000	26.25
1355.5000	26.25
1356.0000	26.25
1356.5000	26.25
1357.0000	26.25
