0.0000	26.17
0.5000	26.16
1.0000	26.16
1.5000	26.15
2.0000	26.15
2.5000	26.14
3.0000	26.14
3.5000	26.14
4.0000	26.14
4.5000	26.13
5.0000	26.13
5.5000	26.12
6.0000	26.12
6.5000	26.11
7.0000	26.11
7.5000	26.11
8.0000	26.11
8.5000	26.11
9.0000	26.10
9.5000	26.10
10.0000	26.10
10.5000	26.09
11.0000	26.10
11.5000	26.09
12.0000	26.09
12.5000	26.08
13.0000	26.08
13.5000	26.08
14.0000	26.08
14.5000	26.08
15.0000	26.08
15.5000	26.08
16.0000	26.08
16.5000	26.09
17.0000	26.08
17.5000	26.08
18.0000	26.09
18.5000	26.08
19.0000	26.09
19.5000	26.09
20.0000	26.10
20.5000	26.10
21.0000	26.10
21.5000	26.10
22.0000	26.10
22.5000	26.11
23.0000	26.11
23.5000	26.11
24.0000	26.12
24.5000	26.12
25.0000	26.13
25.5000	26.13
26.0000	26.14
26.5000	26.14
27.0000	26.14
27.5000	26.15
28.0000	26.15
28.5000	26.16
29.0000	26.17
29.5000	26.17
30.0000	26.17
30.5000	26.18
31.0000	26.19
31.5000	26.20
32.0000	26.20
32.5000	26.21
33.0000	26.22
33.5000	26.22
34.0000	26.24
34.5000	26.24
35.0000	26.25
35.5000	26.26
36.0000	26.27
36.5000	26.27
37.0000	26.28
37.5000	26.29
38.0000	26.30
38.5000	26.31
39.0000	26.32
39.5000	26.33
40.0000	26.34
40.5000	26.35
41.0000	26.36
41.5000	26.37
42.0000	26.38
42.5000	26.39
43.0000	26.40
43.5000	26.41
44.0000	26.43
44.5000	26.43
45.0000	26.44
45.5000	26.45
46.0000	26.46
46.5000	26.48
47.0000	26.49
47.5000	26.50
48.0000	26.51
48.5000	26.52
49.0000	26.53
49.5000	26.55
50.0000	26.55
50.5000	26.56
51.0000	26.57
51.5000	26.59
52.0000	26.60
52.5000	26.62
53.0000	26.63
53.5000	26.64
54.0000	26.65
54.5000	26.67
55.0000	26.68
55.5000	26.69
56.0000	26.71
56.5000	26.72
57.0000	26.73
57.5000	26.74
58.0000	26.76
58.5000	26.78
59.0000	26.79
59.5000	26.81
60.0000	26.82
60.5000	26.83
61.0000	26.84
61.5000	26.86
62.0000	26.88
62.5000	26.89
63.0000	26.91
63.5000	26.92
64.0000	26.94
64.5000	26.95
65.0000	26.96
65.5000	26.98
66.0000	26.99
66.5000	27.00
67.0000	27.02
67.5000	27.04
68.0000	27.06
68.5000	27.07
69.0000	27.08
69.5000	27.10
70.0000	27.11
70.5000	27.13
71.0000	27.15
71.5000	27.16
72.0000	27.18
72.5000	27.20
73.0000	27.21
73.5000	27.22
74.0000	27.24
74.5000	27.26
75.0000	27.27
75.5000	27.29
76.0000	27.31
76.5000	27.32
77.0000	27.34
77.5000	27.36
78.0000	27.37
78.5000	27.39
79.0000	27.41
79.5000	27.43
80.0000	27.44
80.5000	27.46
81.0000	27.48
81.5000	27.49
82.0000	27.50
82.5000	27.52
83.0000	27.54
83.5000	27.56
84.0000	27.58
84.5000	27.60
85.0000	27.62
85.5000	27.63
86.0000	27.65
86.5000	27.68
87.0000	27.70
87.5000	27.71
88.0000	27.73
88.5000	27.75
89.0000	27.76
89.5000	27.78
90.0000	27.80
90.5000	27.82
91.0000	27.84
91.5000	27.85
92.0000	27.87
92.5000	27.90
93.0000	27.91
93.5000	27.93
94.0000	27.94
94.5000	27.95
95.0000	27.98
95.5000	27.99
96.0000	28.01
96.5000	28.03
97.0000	28.03
97.5000	28.05
98.0000	28.07
98.5000	28.09
99.0000	28.10
99.5000	28.11
100.0000	28.13
100.5000	28.15
101.0000	28.15
101.5000	28.17
102.0000	28.19
102.5000	28.20
103.0000	28.22
103.5000	28.23
104.0000	28.24
104.5000	28.26
105.0000	28.27
105.5000	28.28
106.0000	28.30
106.5000	28.31
107.0000	28.32
107.5000	28.33
108.0000	28.34
108.5000	28.35
109.0000	28.36
109.5000	28.37
110.0000	28.38
110.5000	28.38
111.0000	28.38
111.5000	28.40
112.0000	28.40
112.5000	28.40
113.0000	28.41
113.5000	28.42
114.0000	28.43
114.5000	28.43
115.0000	28.44
115.5000	28.44
116.0000	28.44
116.5000	28.44
117.0000	28.45
117.5000	28.45
118.0000	28.46
118.5000	28.46
119.0000	28.46
119.5000	28.45
120.0000	28.46
120.5000	28.46
121.0000	28.46
121.5000	28.46
122.0000	28.46
122.5000	28.46
123.0000	28.45
123.5000	28.46
124.0000	28.45
124.5000	28.44
125.0000	28.44
125.5000	28.44
126.0000	28.43
126.5000	28.42
127.0000	28.42
127.5000	28.41
128.0000	28.40
128.5000	28.40
129.0000	28.38
129.5000	28.38
130.0000	28.37
130.5000	28.37
131.0000	28.36
131.5000	28.35
132.0000	28.34
132.5000	28.33
133.0000	28.33
133.5000	28.32
134.0000	28.31
134.5000	28.30
135.0000	28.30
135.5000	28.28
136.0000	28.28
136.5000	28.26
137.0000	28.26
137.5000	28.24
138.0000	28.24
138.5000	28.23
139.0000	28.21
139.5000	28.21
140.0000	28.19
140.5000	28.18
141.0000	28.17
141.5000	28.17
142.0000	28.15
142.5000	28.14
143.0000	28.13
143.5000	28.12
144.0000	28.11
144.5000	28.10
145.0000	28.09
145.5000	28.07
146.0000	28.07
146.5000	28.06
147.0000	28.04
147.5000	28.03
148.0000	28.02
148.5000	28.00
149.0000	27.99
149.5000	27.97
150.0000	27.96
150.5000	27.95
151.0000	27.93
151.5000	27.92
152.0000	27.90
152.5000	27.89
153.0000	27.88
153.5000	27.87
154.0000	27.85
154.5000	27.84
155.0000	27.82
155.5000	27.81
156.0000	27.79
156.5000	27.78
157.0000	27.77
157.5000	27.75
158.0000	27.74
158.5000	27.73
159.0000	27.71
159.5000	27.69
160.0000	27.69
160.5000	27.67
161.0000	27.65
161.5000	27.64
162.0000	27.63
162.5000	27.61
163.0000	27.60
163.5000	27.58
164.0000	27.57
164.5000	27.55
165.0000	27.54
165.5000	27.51
166.0000	27.50
166.5000	27.49
167.0000	27.48
167.5000	27.46
168.0000	27.44
168.5000	27.43
169.0000	27.41
169.5000	27.39
170.0000	27.38
170.5000	27.36
171.0000	27.35
171.5000	27.33
172.0000	27.32
172.5000	27.30
173.0000	27.28
173.5000	27.26
174.0000	27.25
174.5000	27.24
175.0000	27.22
175.5000	27.20
176.0000	27.18
176.5000	27.17
177.0000	27.15
177.5000	27.14
178.0000	27.12
178.5000	27.10
179.0000	27.09
179.5000	27.06
180.0000	27.05
180.5000	27.03
181.0000	27.01
181.5000	26.99
182.0000	26.98
182.5000	26.96
183.0000	26.94
183.5000	26.93
184.0000	26.92
184.5000	26.90
185.0000	26.89
185.5000	26.88
186.0000	26.85
186.5000	26.84
187.0000	26.83
187.5000	26.82
188.0000	26.80
188.5000	26.79
189.0000	26.78
189.5000	26.76
190.0000	26.75
190.5000	26.74
191.0000	26.73
191.5000	26.71
192.0000	26.70
192.5000	26.69
193.0000	26.68
193.5000	26.67
194.0000	26.65
194.5000	26.65
195.0000	26.64
195.5000	26.62
196.0000	26.62
196.5000	26.61
197.0000	26.60
197.5000	26.59
198.0000	26.59
198.5000	26.58
199.0000	26.57
199.5000	26.56
200.0000	26.56
200.5000	26.55
201.0000	26.54
201.5000	26.54
202.0000	26.53
202.5000	26.53
203.0000	26.52
203.5000	26.52
204.0000	26.51
204.5000	26.51
205.0000	26.50
205.5000	26.50
206.0000	26.50
206.5000	26.50
207.0000	26.50
207.5000	26.50
208.0000	26.50
208.5000	26.50
209.0000	26.50
209.5000	26.50
210.0000	26.50
210.5000	26.50
211.0000	26.50
211.5000	26.51
212.0000	26.51
212.5000	26.51
213.0000	26.52
213.5000	26.52
214.0000	26.52
214.5000	26.52
215.0000	26.53
215.5000	26.53
216.0000	26.53
216.5000	26.54
217.0000	26.54
217.5000	26.55
218.0000	26.55
218.5000	26.55
219.0000	26.57
219.5000	26.57
220.0000	26.58
220.5000	26.58
221.0000	26.58
221.5000	26.60
222.0000	26.61
222.5000	26.61
223.0000	26.62
223.5000	26.63
224.0000	26.64
224.5000	26.64
225.0000	26.65
225.5000	26.67
226.0000	26.67
226.5000	26.68
227.0000	26.69
227.5000	26.70
228.0000	26.71
228.5000	26.72
229.0000	26.73
229.5000	26.74
230.0000	26.75
230.5000	26.76
231.0000	26.77
231.5000	26.79
232.0000	26.80
232.5000	26.81
233.0000	26.82
233.5000	26.83
234.0000	26.84
234.5000	26.85
235.0000	26.86
235.5000	26.88
236.0000	26.89
236.5000	26.90
237.0000	26.91
237.5000	26.93
238.0000	26.94
238.5000	26.95
239.0000	26.96
239.5000	26.97
240.0000	26.99
240.5000	27.00
241.0000	27.01
241.5000	27.02
242.0000	27.04
242.5000	27.05
243.0000	27.07
243.5000	27.08
244.0000	27.10
244.5000	27.11
245.0000	27.12
245.5000	27.13
246.0000	27.15
246.5000	27.16
247.0000	27.18
247.5000	27.19
248.0000	27.20
248.5000	27.22
249.0000	27.23
249.5000	27.24
250.0000	27.26
250.5000	27.27
251.0000	27.29
251.5000	27.30
252.0000	27.32
252.5000	27.33
253.0000	27.35
253.5000	27.36
254.0000	27.38
254.5000	27.39
255.0000	27.41
255.5000	27.43
256.0000	27.44
256.5000	27.45
257.0000	27.47
257.5000	27.49
258.0000	27.50
258.5000	27.52
259.0000	27.54
259.5000	27.56
260.0000	27.57
260.5000	27.59
261.0000	27.61
261.5000	27.62
262.0000	27.64
262.5000	27.66
263.0000	27.68
263.5000	27.69
264.0000	27.71
264.5000	27.73
265.0000	27.74
265.5000	27.77
266.0000	27.77
266.5000	27.79
267.0000	27.81
267.5000	27.83
268.0000	27.85
268.5000	27.86
269.0000	27.88
269.5000	27.90
270.0000	27.91
270.5000	27.93
271.0000	27.95
271.5000	27.97
272.0000	27.99
272.5000	28.01
273.0000	28.02
273.5000	28.04
274.0000	28.06
274.5000	28.08
275.0000	28.10
275.5000	28.12
276.0000	28.13
276.5000	28.15
277.0000	28.17
277.5000	28.18
278.0000	28.20
278.5000	28.22
279.0000	28.23
279.5000	28.25
280.0000	28.26
280.5000	28.27
281.0000	28.29
281.5000	28.31
282.0000	28.32
282.5000	28.33
283.0000	28.35
283.5000	28.36
284.0000	28.37
284.5000	28.38
285.0000	28.39
285.5000	28.40
286.0000	28.42
286.5000	28.42
287.0000	28.44
287.5000	28.44
288.0000	28.45
288.5000	28.46
289.0000	28.47
289.5000	28.48
290.0000	28.49
290.5000	28.49
291.0000	28.50
291.5000	28.51
292.0000	28.52
292.5000	28.52
293.0000	28.53
293.5000	28.53
294.0000	28.54
294.5000	28.55
295.0000	28.55
295.5000	28.55
296.0000	28.55
296.5000	28.56
297.0000	28.56
297.5000	28.56
298.0000	28.56
298.5000	28.57
299.0000	28.56
299.5000	28.56
300.0000	28.56
300.5000	28.56
301.0000	28.55
301.5000	28.55
302.0000	28.55
302.5000	28.55
303.0000	28.55
303.5000	28.55
304.0000	28.55
304.5000	28.55
305.0000	28.55
305.5000	28.55
306.0000	28.54
306.5000	28.54
307.0000	28.54
307.5000	28.53
308.0000	28.53
308.5000	28.53
309.0000	28.52
309.5000	28.52
310.0000	28.52
310.5000	28.51
311.0000	28.51
311.5000	28.50
312.0000	28.49
312.5000	28.49
313.0000	28.48
313.5000	28.47
314.0000	28.47
314.5000	28.46
315.0000	28.46
315.5000	28.44
316.0000	28.43
316.5000	28.42
317.0000	28.41
317.5000	28.40
318.0000	28.40
318.5000	28.38
319.0000	28.38
319.5000	28.37
320.0000	28.36
320.5000	28.34
321.0000	28.34
321.5000	28.32
322.0000	28.32
322.5000	28.31
323.0000	28.30
323.5000	28.29
324.0000	28.27
324.5000	28.27
325.0000	28.26
325.5000	28.24
326.0000	28.23
326.5000	28.22
327.0000	28.21
327.5000	28.20
328.0000	28.18
328.5000	28.18
329.0000	28.17
329.5000	28.15
330.0000	28.14
330.5000	28.13
331.0000	28.12
331.5000	28.11
332.0000	28.10
332.5000	28.08
333.0000	28.07
333.5000	28.06
334.0000	28.04
334.5000	28.03
335.0000	28.02
335.5000	28.01
336.0000	27.99
336.5000	27.98
337.0000	27.97
337.5000	27.96
338.0000	27.95
338.5000	27.93
339.0000	27.92
339.5000	27.90
340.0000	27.89
340.5000	27.88
341.0000	27.86
341.5000	27.85
342.0000	27.84
342.5000	27.82
343.0000	27.80
343.5000	27.79
344.0000	27.78
344.5000	27.77
345.0000	27.75
345.5000	27.73
346.0000	27.73
346.5000	27.71
347.0000	27.70
347.5000	27.68
348.0000	27.67
348.5000	27.66
349.0000	27.64
349.5000	27.62
350.0000	27.61
350.5000	27.60
351.0000	27.57
351.5000	27.56
352.0000	27.55
352.5000	27.54
353.0000	27.52
353.5000	27.50
354.0000	27.49
354.5000	27.48
355.0000	27.46
355.5000	27.45
356.0000	27.43
356.5000	27.41
357.0000	27.40
357.5000	27.39
358.0000	27.37
358.5000	27.36
359.0000	27.34
359.5000	27.32
360.0000	27.31
360.5000	27.29
361.0000	27.28
361.5000	27.26
362.0000	27.24
362.5000	27.23
363.0000	27.22
363.5000	27.20
364.0000	27.19
364.5000	27.17
365.0000	27.16
365.5000	27.15
366.0000	27.12
366.5000	27.11
367.0000	27.10
367.5000	27.08
368.0000	27.07
368.5000	27.06
369.0000	27.04
369.5000	27.03
370.0000	27.02
370.5000	27.01
371.0000	26.99
371.5000	26.98
372.0000	26.97
372.5000	26.96
373.0000	26.94
373.5000	26.93
374.0000	26.93
374.5000	26.92
375.0000	26.90
375.5000	26.90
376.0000	26.89
376.5000	26.88
377.0000	26.87
377.5000	26.86
378.0000	26.86
378.5000	26.85
379.0000	26.84
379.5000	26.84
380.0000	26.82
380.5000	26.82
381.0000	26.82
381.5000	26.81
382.0000	26.81
382.5000	26.80
383.0000	26.80
383.5000	26.80
384.0000	26.79
384.5000	26.79
385.0000	26.79
385.5000	26.78
386.0000	26.79
386.5000	26.78
387.0000	26.78
387.5000	26.78
388.0000	26.78
388.5000	26.78
389.0000	26.79
389.5000	26.78
390.0000	26.78
390.5000	26.78
391.0000	26.79
391.5000	26.79
392.0000	26.79
392.5000	26.79
393.0000	26.80
393.5000	26.79
394.0000	26.80
394.5000	26.81
395.0000	26.81
395.5000	26.81
396.0000	26.81
396.5000	26.82
397.0000	26.82
397.5000	26.83
398.0000	26.83
398.5000	26.84
399.0000	26.85
399.5000	26.85
400.0000	26.86
400.5000	26.86
401.0000	26.87
401.5000	26.88
402.0000	26.88
402.5000	26.89
403.0000	26.89
403.5000	26.90
404.0000	26.91
404.5000	26.92
405.0000	26.93
405.5000	26.94
406.0000	26.95
406.5000	26.96
407.0000	26.96
407.5000	26.97
408.0000	26.98
408.5000	26.99
409.0000	27.00
409.5000	27.00
410.0000	27.02
410.5000	27.03
411.0000	27.04
411.5000	27.05
412.0000	27.06
412.5000	27.06
413.0000	27.08
413.5000	27.09
414.0000	27.10
414.5000	27.10
415.0000	27.12
415.5000	27.13
416.0000	27.14
416.5000	27.15
417.0000	27.16
417.5000	27.18
418.0000	27.19
418.5000	27.20
419.0000	27.21
419.5000	27.22
420.0000	27.24
420.5000	27.25
421.0000	27.27
421.5000	27.28
422.0000	27.29
422.5000	27.30
423.0000	27.32
423.5000	27.33
424.0000	27.34
424.5000	27.36
425.0000	27.37
425.5000	27.38
426.0000	27.39
426.5000	27.41
427.0000	27.42
427.5000	27.44
428.0000	27.45
428.5000	27.46
429.0000	27.48
429.5000	27.50
430.0000	27.51
430.5000	27.52
431.0000	27.54
431.5000	27.55
432.0000	27.57
432.5000	27.58
433.0000	27.59
433.5000	27.61
434.0000	27.62
434.5000	27.64
435.0000	27.65
435.5000	27.68
436.0000	27.69
436.5000	27.70
437.0000	27.72
437.5000	27.74
438.0000	27.75
438.5000	27.77
439.0000	27.78
439.5000	27.80
440.0000	27.82
440.5000	27.83
441.0000	27.85
441.5000	27.86
442.0000	27.88
442.5000	27.90
443.0000	27.91
443.5000	27.94
444.0000	27.95
444.5000	27.97
445.0000	27.98
445.5000	28.00
446.0000	28.02
446.5000	28.03
447.0000	28.05
447.5000	28.07
448.0000	28.08
448.5000	28.10
449.0000	28.11
449.5000	28.13
450.0000	28.15
450.5000	28.17
451.0000	28.19
451.5000	28.20
452.0000	28.22
452.5000	28.24
453.0000	28.26
453.5000	28.27
454.0000	28.29
454.5000	28.31
455.0000	28.33
455.5000	28.34
456.0000	28.36
456.5000	28.38
457.0000	28.40
457.5000	28.42
458.0000	28.44
458.5000	28.45
459.0000	28.46
459.5000	28.49
460.0000	28.50
460.5000	28.52
461.0000	28.53
461.5000	28.54
462.0000	28.56
462.5000	28.58
463.0000	28.59
463.5000	28.60
464.0000	28.61
464.5000	28.63
465.0000	28.64
465.5000	28.65
466.0000	28.66
466.5000	28.67
467.0000	28.68
467.5000	28.69
468.0000	28.70
468.5000	28.71
469.0000	28.72
469.5000	28.73
470.0000	28.73
470.5000	28.74
471.0000	28.75
471.5000	28.76
472.0000	28.76
472.5000	28.77
473.0000	28.77
473.5000	28.78
474.0000	28.78
474.5000	28.79
475.0000	28.79
475.5000	28.79
476.0000	28.80
476.5000	28.80
477.0000	28.80
477.5000	28.81
478.0000	28.81
478.5000	28.80
479.0000	28.81
479.5000	28.81
480.0000	28.82
480.5000	28.81
481.0000	28.81
481.5000	28.81
482.0000	28.81
482.5000	28.81
483.0000	28.81
483.5000	28.81
484.0000	28.80
484.5000	28.80
485.0000	28.80
485.5000	28.79
486.0000	28.79
486.5000	28.78
487.0000	28.78
487.5000	28.78
488.0000	28.77
488.5000	28.76
489.0000	28.76
489.5000	28.75
490.0000	28.74
490.5000	28.73
491.0000	28.73
491.5000	28.72
492.0000	28.73
492.5000	28.72
493.0000	28.71
493.5000	28.70
494.0000	28.69
494.5000	28.68
495.0000	28.68
495.5000	28.67
496.0000	28.66
496.5000	28.65
497.0000	28.65
497.5000	28.64
498.0000	28.63
498.5000	28.63
499.0000	28.62
499.5000	28.60
500.0000	28.59
500.5000	28.58
501.0000	28.57
501.5000	28.56
502.0000	28.55
502.5000	28.54
503.0000	28.52
503.5000	28.52
504.0000	28.50
504.5000	28.49
505.0000	28.48
505.5000	28.47
506.0000	28.46
506.5000	28.45
507.0000	28.43
507.5000	28.42
508.0000	28.42
508.5000	28.41
509.0000	28.39
509.5000	28.38
510.0000	28.36
510.5000	28.35
511.0000	28.34
511.5000	28.33
512.0000	28.32
512.5000	28.31
513.0000	28.30
513.5000	28.28
514.0000	28.28
514.5000	28.26
515.0000	28.25
515.5000	28.24
516.0000	28.22
516.5000	28.21
517.0000	28.20
517.5000	28.18
518.0000	28.17
518.5000	28.16
519.0000	28.14
519.5000	28.13
520.0000	28.12
520.5000	28.10
521.0000	28.09
521.5000	28.07
522.0000	28.06
522.5000	28.05
523.0000	28.04
523.5000	28.02
524.0000	28.00
524.5000	27.99
525.0000	27.97
525.5000	27.96
526.0000	27.95
526.5000	27.93
527.0000	27.92
527.5000	27.90
528.0000	27.89
528.5000	27.87
529.0000	27.85
529.5000	27.84
530.0000	27.82
530.5000	27.81
531.0000	27.79
531.5000	27.77
532.0000	27.76
532.5000	27.74
533.0000	27.73
533.5000	27.71
534.0000	27.70
534.5000	27.68
535.0000	27.66
535.5000	27.65
536.0000	27.64
536.5000	27.61
537.0000	27.60
537.5000	27.58
538.0000	27.56
538.5000	27.55
539.0000	27.53
539.5000	27.51
540.0000	27.50
540.5000	27.48
541.0000	27.46
541.5000	27.45
542.0000	27.43
542.5000	27.41
543.0000	27.40
543.5000	27.38
544.0000	27.36
544.5000	27.35
545.0000	27.34
545.5000	27.32
546.0000	27.31
546.5000	27.29
547.0000	27.28
547.5000	27.27
548.0000	27.25
548.5000	27.23
549.0000	27.23
549.5000	27.21
550.0000	27.20
550.5000	27.18
551.0000	27.18
551.5000	27.16
552.0000	27.15
552.5000	27.14
553.0000	27.13
553.5000	27.12
554.0000	27.10
554.5000	27.09
555.0000	27.08
555.5000	27.08
556.0000	27.07
556.5000	27.06
557.0000	27.05
557.5000	27.04
558.0000	27.03
558.5000	27.03
559.0000	27.02
559.5000	27.01
560.0000	27.00
560.5000	26.99
561.0000	26.99
561.5000	26.99
562.0000	26.98
562.5000	26.97
563.0000	26.98
563.5000	26.97
564.0000	26.96
564.5000	26.95
565.0000	26.95
565.5000	26.95
566.0000	26.95
566.5000	26.95
567.0000	26.94
567.5000	26.94
568.0000	26.95
568.5000	26.94
569.0000	26.95
569.5000	26.94
570.0000	26.95
570.5000	26.94
571.0000	26.95
571.5000	26.95
572.0000	26.95
572.5000	26.95
573.0000	26.96
573.5000	26.96
574.0000	26.96
574.5000	26.96
575.0000	26.97
575.5000	26.98
576.0000	26.97
576.5000	26.98
577.0000	26.98
577.5000	26.98
578.0000	26.99
578.5000	27.00
579.0000	27.00
579.5000	27.01
580.0000	27.01
580.5000	27.01
581.0000	27.02
581.5000	27.04
582.0000	27.03
582.5000	27.04
583.0000	27.04
583.5000	27.05
584.0000	27.07
584.5000	27.07
585.0000	27.08
585.5000	27.09
586.0000	27.09
586.5000	27.10
587.0000	27.11
587.5000	27.12
588.0000	27.13
588.5000	27.14
589.0000	27.15
589.5000	27.15
590.0000	27.17
590.5000	27.17
591.0000	27.18
591.5000	27.19
592.0000	27.20
592.5000	27.21
593.0000	27.22
593.5000	27.23
594.0000	27.24
594.5000	27.26
595.0000	27.27
595.5000	27.28
596.0000	27.28
596.5000	27.30
597.0000	27.31
597.5000	27.32
598.0000	27.33
598.5000	27.35
599.0000	27.36
599.5000	27.36
600.0000	27.37
600.5000	27.39
601.0000	27.40
601.5000	27.41
602.0000	27.42
602.5000	27.44
603.0000	27.45
603.5000	27.47
604.0000	27.47
604.5000	27.50
605.0000	27.50
605.5000	27.52
606.0000	27.53
606.5000	27.55
607.0000	27.56
607.5000	27.58
608.0000	27.59
608.5000	27.60
609.0000	27.62
609.5000	27.63
610.0000	27.64
610.5000	27.66
611.0000	27.68
611.5000	27.69
612.0000	27.70
612.5000	27.72
613.0000	27.73
613.5000	27.74
614.0000	27.76
614.5000	27.78
615.0000	27.79
615.5000	27.81
616.0000	27.82
616.5000	27.83
617.0000	27.85
617.5000	27.86
618.0000	27.88
618.5000	27.90
619.0000	27.91
619.5000	27.93
620.0000	27.95
620.5000	27.97
621.0000	27.98
621.5000	28.00
622.0000	28.02
622.5000	28.03
623.0000	28.04
623.5000	28.06
624.0000	28.08
624.5000	28.10
625.0000	28.11
625.5000	28.13
626.0000	28.15
626.5000	28.17
627.0000	28.18
627.5000	28.19
628.0000	28.22
628.5000	28.24
629.0000	28.25
629.5000	28.27
630.0000	28.29
630.5000	28.31
631.0000	28.33
631.5000	28.34
632.0000	28.36
632.5000	28.38
633.0000	28.40
633.5000	28.42
634.0000	28.43
634.5000	28.45
635.0000	28.47
635.5000	28.49
636.0000	28.51
636.5000	28.52
637.0000	28.54
637.5000	28.56
638.0000	28.58
638.5000	28.59
639.0000	28.61
639.5000	28.63
640.0000	28.64
640.5000	28.66
641.0000	28.68
641.5000	28.68
642.0000	28.70
642.5000	28.72
643.0000	28.73
643.5000	28.75
644.0000	28.76
644.5000	28.77
645.0000	28.78
645.5000	28.79
646.0000	28.80
646.5000	28.81
647.0000	28.82
647.5000	28.83
648.0000	28.84
648.5000	28.85
649.0000	28.86
649.5000	28.86
650.0000	28.87
650.5000	28.88
651.0000	28.89
651.5000	28.89
652.0000	28.90
652.5000	28.90
653.0000	28.90
653.5000	28.91
654.0000	28.91
654.5000	28.92
655.0000	28.92
655.5000	28.92
656.0000	28.93
656.5000	28.92
657.0000	28.93
657.5000	28.93
658.0000	28.93
658.5000	28.93
659.0000	28.93
659.5000	28.93
660.0000	28.93
660.5000	28.93
661.0000	28.94
661.5000	28.93
662.0000	28.93
662.5000	28.93
663.0000	28.93
663.5000	28.92
664.0000	28.92
664.5000	28.92
665.0000	28.92
665.5000	28.92
666.0000	28.91
666.5000	28.91
667.0000	28.90
667.5000	28.90
668.0000	28.89
668.5000	28.89
669.0000	28.87
669.5000	28.87
670.0000	28.87
670.5000	28.86
671.0000	28.85
671.5000	28.85
672.0000	28.84
672.5000	28.84
673.0000	28.83
673.5000	28.82
674.0000	28.81
674.5000	28.80
675.0000	28.79
675.5000	28.79
676.0000	28.77
676.5000	28.77
677.0000	28.75
677.5000	28.75
678.0000	28.74
678.5000	28.72
679.0000	28.72
679.5000	28.71
680.0000	28.69
680.5000	28.68
681.0000	28.67
681.5000	28.67
682.0000	28.65
682.5000	28.65
683.0000	28.64
683.5000	28.62
684.0000	28.61
684.5000	28.60
685.0000	28.60
685.5000	28.58
686.0000	28.57
686.5000	28.56
687.0000	28.55
687.5000	28.54
688.0000	28.53
688.5000	28.51
689.0000	28.50
689.5000	28.49
690.0000	28.47
690.5000	28.46
691.0000	28.45
691.5000	28.44
692.0000	28.43
692.5000	28.42
693.0000	28.40
693.5000	28.39
694.0000	28.37
694.5000	28.36
695.0000	28.35
695.5000	28.34
696.0000	28.32
696.5000	28.30
697.0000	28.30
697.5000	28.28
698.0000	28.26
698.5000	28.25
699.0000	28.24
699.5000	28.22
700.0000	28.21
700.5000	28.20
701.0000	28.18
701.5000	28.17
702.0000	28.15
702.5000	28.14
703.0000	28.13
703.5000	28.11
704.0000	28.09
704.5000	28.08
705.0000	28.06
705.5000	28.05
706.0000	28.04
706.5000	28.03
707.0000	28.01
707.5000	27.99
708.0000	27.98
708.5000	27.96
709.0000	27.95
709.5000	27.93
710.0000	27.92
710.5000	27.90
711.0000	27.88
711.5000	27.87
712.0000	27.85
712.5000	27.83
713.0000	27.81
713.5000	27.80
714.0000	27.78
714.5000	27.76
715.0000	27.75
715.5000	27.73
716.0000	27.71
716.5000	27.69
717.0000	27.68
717.5000	27.66
718.0000	27.64
718.5000	27.63
719.0000	27.60
719.5000	27.59
720.0000	27.57
720.5000	27.55
721.0000	27.54
721.5000	27.52
722.0000	27.51
722.5000	27.48
723.0000	27.47
723.5000	27.46
724.0000	27.45
724.5000	27.43
725.0000	27.41
725.5000	27.40
726.0000	27.39
726.5000	27.37
727.0000	27.35
727.5000	27.34
728.0000	27.32
728.5000	27.31
729.0000	27.29
729.5000	27.28
730.0000	27.27
730.5000	27.26
731.0000	27.24
731.5000	27.23
732.0000	27.22
732.5000	27.20
733.0000	27.19
733.5000	27.18
734.0000	27.16
734.5000	27.15
735.0000	27.15
735.5000	27.14
736.0000	27.12
736.5000	27.12
737.0000	27.10
737.5000	27.10
738.0000	27.09
738.5000	27.09
739.0000	27.08
739.5000	27.07
740.0000	27.06
740.5000	27.06
741.0000	27.05
741.5000	27.05
742.0000	27.05
742.5000	27.04
743.0000	27.04
743.5000	27.04
744.0000	27.03
744.5000	27.03
745.0000	27.02
745.5000	27.03
746.0000	27.02
746.5000	27.02
747.0000	27.02
747.5000	27.01
748.0000	27.01
748.5000	27.02
749.0000	27.02
749.5000	27.01
750.0000	27.02
750.5000	27.01
751.0000	27.01
751.5000	27.02
752.0000	27.02
752.5000	27.02
753.0000	27.02
753.5000	27.02
754.0000	27.02
754.5000	27.03
755.0000	27.03
755.5000	27.03
756.0000	27.04
756.5000	27.04
757.0000	27.05
757.5000	27.05
758.0000	27.05
758.5000	27.06
759.0000	27.06
759.5000	27.07
760.0000	27.08
760.5000	27.08
761.0000	27.09
761.5000	27.10
762.0000	27.10
762.5000	27.11
763.0000	27.12
763.5000	27.13
764.0000	27.14
764.5000	27.14
765.0000	27.15
765.5000	27.16
766.0000	27.17
766.5000	27.17
767.0000	27.19
767.5000	27.20
768.0000	27.21
768.5000	27.21
769.0000	27.23
769.5000	27.23
770.0000	27.24
770.5000	27.25
771.0000	27.27
771.5000	27.27
772.0000	27.28
772.5000	27.28
773.0000	27.30
773.5000	27.31
774.0000	27.32
774.5000	27.32
775.0000	27.33
775.5000	27.35
776.0000	27.36
776.5000	27.37
777.0000	27.38
777.5000	27.39
778.0000	27.41
778.5000	27.41
779.0000	27.43
779.5000	27.44
780.0000	27.46
780.5000	27.47
781.0000	27.49
781.5000	27.49
782.0000	27.51
782.5000	27.52
783.0000	27.53
783.5000	27.55
784.0000	27.56
784.5000	27.58
785.0000	27.59
785.5000	27.60
786.0000	27.62
786.5000	27.63
787.0000	27.64
787.5000	27.66
788.0000	27.68
788.5000	27.69
789.0000	27.70
789.5000	27.72
790.0000	27.73
790.5000	27.75
791.0000	27.76
791.5000	27.78
792.0000	27.79
792.5000	27.81
793.0000	27.83
793.5000	27.84
794.0000	27.86
794.5000	27.88
795.0000	27.89
795.5000	27.90
796.0000	27.92
796.5000	27.94
797.0000	27.95
797.5000	27.97
798.0000	27.98
798.5000	28.00
799.0000	28.02
799.5000	28.03
800.0000	28.05
800.5000	28.06
801.0000	28.09
801.5000	28.10
802.0000	28.11
802.5000	28.13
803.0000	28.15
803.5000	28.16
804.0000	28.18
804.5000	28.20
805.0000	28.21
805.5000	28.23
806.0000	28.25
806.5000	28.27
807.0000	28.29
807.5000	28.30
808.0000	28.32
808.5000	28.34
809.0000	28.36
809.5000	28.37
810.0000	28.40
810.5000	28.41
811.0000	28.43
811.5000	28.45
812.0000	28.47
812.5000	28.48
813.0000	28.50
813.5000	28.52
814.0000	28.54
814.5000	28.56
815.0000	28.57
815.5000	28.60
816.0000	28.61
816.5000	28.63
817.0000	28.65
817.5000	28.66
818.0000	28.68
818.5000	28.69
819.0000	28.71
819.5000	28.73
820.0000	28.75
820.5000	28.76
821.0000	28.78
821.5000	28.79
822.0000	28.80
822.5000	28.82
823.0000	28.83
823.5000	28.84
824.0000	28.85
824.5000	28.86
825.0000	28.87
825.5000	28.88
826.0000	28.90
826.5000	28.91
827.0000	28.93
827.5000	28.94
828.0000	28.95
828.5000	28.96
829.0000	28.96
829.5000	28.97
830.0000	28.98
830.5000	28.99
831.0000	28.99
831.5000	29.00
832.0000	29.00
832.5000	29.01
833.0000	29.02
833.5000	29.02
834.0000	29.02
834.5000	29.03
835.0000	29.03
835.5000	29.04
836.0000	29.04
836.5000	29.04
837.0000	29.04
837.5000	29.05
838.0000	29.04
838.5000	29.05
839.0000	29.05
839.5000	29.04
840.0000	29.04
840.5000	29.04
841.0000	29.04
841.5000	29.05
842.0000	29.05
842.5000	29.04
843.0000	29.03
843.5000	29.03
844.0000	29.03
844.5000	29.03
845.0000	29.02
845.5000	29.01
846.0000	29.02
846.5000	29.01
847.0000	29.01
847.5000	29.00
848.0000	29.01
848.5000	29.00
849.0000	28.99
849.5000	28.99
850.0000	28.98
850.5000	28.98
851.0000	28.97
851.5000	28.96
852.0000	28.96
852.5000	28.95
853.0000	28.94
853.5000	28.94
854.0000	28.93
854.5000	28.92
855.0000	28.92
855.5000	28.91
856.0000	28.90
856.5000	28.89
857.0000	28.89
857.5000	28.88
858.0000	28.87
858.5000	28.85
859.0000	28.85
859.5000	28.84
860.0000	28.83
860.5000	28.82
861.0000	28.81
861.5000	28.80
862.0000	28.79
862.5000	28.78
863.0000	28.77
863.5000	28.75
864.0000	28.75
864.5000	28.73
865.0000	28.72
865.5000	28.71
866.0000	28.70
866.5000	28.69
867.0000	28.67
867.5000	28.67
868.0000	28.65
868.5000	28.64
869.0000	28.63
869.5000	28.61
870.0000	28.60
870.5000	28.59
871.0000	28.57
871.5000	28.56
872.0000	28.55
872.5000	28.54
873.0000	28.52
873.5000	28.51
874.0000	28.50
874.5000	28.49
875.0000	28.47
875.5000	28.46
876.0000	28.45
876.5000	28.43
877.0000	28.42
877.5000	28.41
878.0000	28.39
878.5000	28.38
879.0000	28.36
879.5000	28.35
880.0000	28.33
880.5000	28.31
881.0000	28.30
881.5000	28.29
882.0000	28.27
882.5000	28.26
883.0000	28.24
883.5000	28.23
884.0000	28.21
884.5000	28.20
885.0000	28.18
885.5000	28.17
886.0000	28.15
886.5000	28.14
887.0000	28.12
887.5000	28.10
888.0000	28.10
888.5000	28.08
889.0000	28.06
889.5000	28.05
890.0000	28.04
890.5000	28.02
891.0000	28.01
891.5000	27.99
892.0000	27.97
892.5000	27.96
893.0000	27.95
893.5000	27.92
894.0000	27.91
894.5000	27.90
895.0000	27.88
895.5000	27.86
896.0000	27.84
896.5000	27.83
897.0000	27.81
897.5000	27.80
898.0000	27.78
898.5000	27.76
899.0000	27.75
899.5000	27.73
900.0000	27.72
900.5000	27.69
901.0000	27.69
901.5000	27.67
902.0000	27.65
902.5000	27.64
903.0000	27.62
903.5000	27.61
904.0000	27.59
904.5000	27.57
905.0000	27.56
905.5000	27.54
906.0000	27.52
906.5000	27.51
907.0000	27.50
907.5000	27.48
908.0000	27.47
908.5000	27.45
909.0000	27.44
909.5000	27.43
910.0000	27.41
910.5000	27.40
911.0000	27.38
911.5000	27.38
912.0000	27.35
912.5000	27.35
913.0000	27.34
913.5000	27.33
914.0000	27.32
914.5000	27.31
915.0000	27.29
915.5000	27.28
916.0000	27.27
916.5000	27.27
917.0000	27.26
917.5000	27.25
918.0000	27.25
918.5000	27.23
919.0000	27.23
919.5000	27.22
920.0000	27.21
920.5000	27.20
921.0000	27.20
921.5000	27.20
922.0000	27.19
922.5000	27.19
923.0000	27.18
923.5000	27.17
924.0000	27.17
924.5000	27.17
925.0000	27.17
925.5000	27.17
926.0000	27.16
926.5000	27.16
927.0000	27.15
927.5000	27.16
928.0000	27.15
928.5000	27.15
929.0000	27.16
929.5000	27.16
930.0000	27.16
930.5000	27.16
931.0000	27.16
931.5000	27.16
932.0000	27.16
932.5000	27.16
933.0000	27.17
933.5000	27.17
934.0000	27.17
934.5000	27.16
935.0000	27.17
935.5000	27.18
936.0000	27.18
936.5000	27.18
937.0000	27.19
937.5000	27.19
938.0000	27.20
938.5000	27.20
939.0000	27.21
939.5000	27.21
940.0000	27.22
940.5000	27.23
941.0000	27.23
941.5000	27.24
942.0000	27.25
942.5000	27.25
943.0000	27.26
943.5000	27.27
944.0000	27.27
944.5000	27.28
945.0000	27.29
945.5000	27.30
946.0000	27.31
946.5000	27.32
947.0000	27.32
947.5000	27.33
948.0000	27.34
948.5000	27.35
949.0000	27.36
949.5000	27.37
950.0000	27.38
950.5000	27.39
951.0000	27.40
951.5000	27.41
952.0000	27.42
952.5000	27.43
953.0000	27.44
953.5000	27.45
954.0000	27.46
954.5000	27.47
955.0000	27.48
955.5000	27.49
956.0000	27.51
956.5000	27.52
957.0000	27.52
957.5000	27.54
958.0000	27.56
958.5000	27.57
959.0000	27.58
959.5000	27.59
960.0000	27.61
960.5000	27.62
961.0000	27.63
961.5000	27.65
962.0000	27.66
962.5000	27.67
963.0000	27.69
963.5000	27.70
964.0000	27.72
964.5000	27.73
965.0000	27.74
965.5000	27.76
966.0000	27.77
966.5000	27.78
967.0000	27.80
967.5000	27.81
968.0000	27.83
968.5000	27.84
969.0000	27.86
969.5000	27.87
970.0000	27.88
970.5000	27.90
971.0000	27.91
971.5000	27.92
972.0000	27.94
972.5000	27.96
973.0000	27.97
973.5000	27.99
974.0000	28.00
974.5000	28.02
975.0000	28.03
975.5000	28.05
976.0000	28.06
976.5000	28.08
977.0000	28.10
977.5000	28.11
978.0000	28.13
978.5000	28.14
979.0000	28.16
979.5000	28.17
980.0000	28.19
980.5000	28.20
981.0000	28.23
981.5000	28.24
982.0000	28.25
982.5000	28.28
983.0000	28.29
983.5000	28.31
984.0000	28.33
984.5000	28.35
985.0000	28.37
985.5000	28.38
986.0000	28.40
986.5000	28.42
987.0000	28.43
987.5000	28.45
988.0000	28.47
988.5000	28.49
989.0000	28.50
989.5000	28.52
990.0000	28.54
990.5000	28.56
991.0000	28.57
991.5000	28.60
992.0000	28.62
992.5000	28.64
993.0000	28.65
993.5000	28.67
994.0000	28.69
994.5000	28.70
995.0000	28.72
995.5000	28.74
996.0000	28.76
996.5000	28.77
997.0000	28.79
997.5000	28.81
998.0000	28.82
998.5000	28.84
999.0000	28.86
999.5000	28.88
1000.0000	28.89
1000.5000	28.91
1001.0000	28.93
1001.5000	28.93
1002.0000	28.95
1002.5000	28.97
1003.0000	28.98
1003.5000	28.99
1004.0000	29.01
1004.5000	29.02
1005.0000	29.03
1005.5000	29.04
1006.0000	29.05
1006.5000	29.06
1007.0000	29.07
1007.5000	29.08
1008.0000	29.08
1008.5000	29.09
1009.0000	29.10
1009.5000	29.10
1010.0000	29.12
1010.5000	29.12
1011.0000	29.13
1011.5000	29.14
1012.0000	29.14
1012.5000	29.15
1013.0000	29.15
1013.5000	29.15
1014.0000	29.16
1014.5000	29.16
1015.0000	29.16
1015.5000	29.16
1016.0000	29.17
1016.5000	29.16
1017.0000	29.16
1017.5000	29.16
1018.0000	29.17
1018.5000	29.16
1019.0000	29.16
1019.5000	29.16
1020.0000	29.16
1020.5000	29.16
1021.0000	29.16
1021.5000	29.16
1022.0000	29.16
1022.5000	29.15
1023.0000	29.15
1023.5000	29.15
1024.0000	29.15
1024.5000	29.15
1025.0000	29.14
1025.5000	29.14
1026.0000	29.14
1026.5000	29.13
1027.0000	29.12
1027.5000	29.12
1028.0000	29.12
1028.5000	29.11
1029.0000	29.10
1029.5000	29.10
1030.0000	29.09
1030.5000	29.08
1031.0000	29.07
1031.5000	29.06
1032.0000	29.06
1032.5000	29.04
1033.0000	29.03
1033.5000	29.03
1034.0000	29.01
1034.5000	29.01
1035.0000	28.99
1035.5000	28.98
1036.0000	28.97
1036.5000	28.96
1037.0000	28.95
1037.5000	28.94
1038.0000	28.93
1038.5000	28.92
1039.0000	28.91
1039.5000	28.90
1040.0000	28.89
1040.5000	28.88
1041.0000	28.87
1041.5000	28.86
1042.0000	28.85
1042.5000	28.83
1043.0000	28.83
1043.5000	28.81
1044.0000	28.81
1044.5000	28.80
1045.0000	28.79
1045.5000	28.79
1046.0000	28.77
1046.5000	28.76
1047.0000	28.75
1047.5000	28.74
1048.0000	28.72
1048.5000	28.71
1049.0000	28.70
1049.5000	28.69
1050.0000	28.67
1050.5000	28.65
1051.0000	28.64
1051.5000	28.63
1052.0000	28.62
1052.5000	28.60
1053.0000	28.59
1053.5000	28.57
1054.0000	28.56
1054.5000	28.54
1055.0000	28.53
1055.5000	28.52
1056.0000	28.50
1056.5000	28.49
1057.0000	28.47
1057.5000	28.46
1058.0000	28.44
1058.5000	28.43
1059.0000	28.42
1059.5000	28.40
1060.0000	28.39
1060.5000	28.37
1061.0000	28.35
1061.5000	28.34
1062.0000	28.32
1062.5000	28.31
1063.0000	28.29
1063.5000	28.27
1064.0000	28.27
1064.5000	28.24
1065.0000	28.23
1065.5000	28.21
1066.0000	28.19
1066.5000	28.18
1067.0000	28.16
1067.5000	28.15
1068.0000	28.13
1068.5000	28.12
1069.0000	28.10
1069.5000	28.09
1070.0000	28.07
1070.5000	28.05
1071.0000	28.04
1071.5000	28.02
1072.0000	28.01
1072.5000	27.99
1073.0000	27.97
1073.5000	27.95
1074.0000	27.94
1074.5000	27.92
1075.0000	27.90
1075.5000	27.88
1076.0000	27.87
1076.5000	27.85
1077.0000	27.84
1077.5000	27.82
1078.0000	27.80
1078.5000	27.78
1079.0000	27.76
1079.5000	27.75
1080.0000	27.73
1080.5000	27.71
1081.0000	27.70
1081.5000	27.68
1082.0000	27.67
1082.5000	27.65
1083.0000	27.63
1083.5000	27.61
1084.0000	27.60
1084.5000	27.58
1085.0000	27.57
1085.5000	27.55
1086.0000	27.53
1086.5000	27.52
1087.0000	27.50
1087.5000	27.49
1088.0000	27.48
1088.5000	27.46
1089.0000	27.45
1089.5000	27.43
1090.0000	27.42
1090.5000	27.40
1091.0000	27.39
1091.5000	27.38
1092.0000	27.37
1092.5000	27.36
1093.0000	27.35
1093.5000	27.34
1094.0000	27.32
1094.5000	27.31
1095.0000	27.30
1095.5000	27.29
1096.0000	27.28
1096.5000	27.27
1097.0000	27.27
1097.5000	27.25
1098.0000	27.25
1098.5000	27.24
1099.0000	27.23
1099.5000	27.22
1100.0000	27.21
1100.5000	27.21
1101.0000	27.20
1101.5000	27.20
1102.0000	27.19
1102.5000	27.19
1103.0000	27.18
1103.5000	27.17
1104.0000	27.17
1104.5000	27.16
1105.0000	27.16
1105.5000	27.16
1106.0000	27.16
1106.5000	27.15
1107.0000	27.15
1107.5000	27.15
1108.0000	27.14
1108.5000	27.15
1109.0000	27.15
1109.5000	27.14
1110.0000	27.15
1110.5000	27.15
1111.0000	27.15
1111.5000	27.15
1112.0000	27.15
1112.5000	27.15
1113.0000	27.16
1113.5000	27.16
1114.0000	27.16
1114.5000	27.16
1115.0000	27.16
1115.5000	27.17
1116.0000	27.17
1116.5000	27.18
1117.0000	27.19
1117.5000	27.19
1118.0000	27.20
1118.5000	27.21
1119.0000	27.21
1119.5000	27.21
1120.0000	27.22
1120.5000	27.23
1121.0000	27.24
1121.5000	27.23
1122.0000	27.25
1122.5000	27.26
1123.0000	27.26
1123.5000	27.28
1124.0000	27.27
1124.5000	27.29
1125.0000	27.29
1125.5000	27.31
1126.0000	27.31
1126.5000	27.32
1127.0000	27.33
1127.5000	27.33
1128.0000	27.35
1128.5000	27.35
1129.0000	27.36
1129.5000	27.37
1130.0000	27.38
1130.5000	27.40
1131.0000	27.40
1131.5000	27.41
1132.0000	27.42
1132.5000	27.44
1133.0000	27.45
1133.5000	27.46
1134.0000	27.47
1134.5000	27.48
1135.0000	27.49
1135.5000	27.50
1136.0000	27.52
1136.5000	27.53
1137.0000	27.55
1137.5000	27.55
1138.0000	27.57
1138.5000	27.58
1139.0000	27.59
1139.5000	27.60
1140.0000	27.62
1140.5000	27.63
1141.0000	27.65
1141.5000	27.66
1142.0000	27.67
1142.5000	27.69
1143.0000	27.70
1143.5000	27.71
1144.0000	27.73
1144.5000	27.75
1145.0000	27.75
1145.5000	27.77
1146.0000	27.78
1146.5000	27.80
1147.0000	27.81
1147.5000	27.83
1148.0000	27.85
1148.5000	27.86
1149.0000	27.88
1149.5000	27.89
1150.0000	27.91
1150.5000	27.92
1151.0000	27.94
1151.5000	27.95
1152.0000	27.97
1152.5000	27.98
1153.0000	27.99
1153.5000	28.01
1154.0000	28.02
1154.5000	28.04
1155.0000	28.05
1155.5000	28.07
1156.0000	28.09
1156.5000	28.10
1157.0000	28.11
1157.5000	28.13
1158.0000	28.15
1158.5000	28.16
1159.0000	28.18
1159.5000	28.19
1160.0000	28.21
1160.5000	28.23
1161.0000	28.25
1161.5000	28.26
1162.0000	28.28
1162.5000	28.30
1163.0000	28.31
1163.5000	28.33
1164.0000	28.35
1164.5000	28.36
1165.0000	28.38
1165.5000	28.40
1166.0000	28.41
1166.5000	28.43
1167.0000	28.45
1167.5000	28.46
1168.0000	28.47
1168.5000	28.49
1169.0000	28.50
1169.5000	28.52
1170.0000	28.53
1170.5000	28.55
1171.0000	28.57
1171.5000	28.59
1172.0000	28.60
1172.5000	28.62
1173.0000	28.64
1173.5000	28.65
1174.0000	28.67
1174.5000	28.68
1175.0000	28.70
1175.5000	28.72
1176.0000	28.74
1176.5000	28.76
1177.0000	28.77
1177.5000	28.79
1178.0000	28.80
1178.5000	28.82
1179.0000	28.83
1179.5000	28.84
1180.0000	28.86
1180.5000	28.88
1181.0000	28.89
1181.5000	28.91
1182.0000	28.92
1182.5000	28.93
1183.0000	28.95
1183.5000	28.96
1184.0000	28.97
1184.5000	28.98
1185.0000	28.99
1185.5000	29.00
1186.0000	29.01
1186.5000	29.02
1187.0000	29.03
1187.5000	29.04
1188.0000	29.05
1188.5000	29.06
1189.0000	29.06
1189.5000	29.08
1190.0000	29.08
1190.5000	29.09
1191.0000	29.10
1191.5000	29.10
1192.0000	29.10
1192.5000	29.11
1193.0000	29.12
1193.5000	29.12
1194.0000	29.12
1194.5000	29.13
1195.0000	29.13
1195.5000	29.13
1196.0000	29.14
1196.5000	29.13
1197.0000	29.13
1197.5000	29.14
1198.0000	29.14
1198.5000	29.13
1199.0000	29.14
1199.5000	29.14
1200.0000	29.14
1200.5000	29.14
1201.0000	29.13
1201.5000	29.13
1202.0000	29.13
1202.5000	29.13
1203.0000	29.12
1203.5000	29.12
1204.0000	29.12
1204.5000	29.12
1205.0000	29.11
1205.5000	29.11
1206.0000	29.10
1206.5000	29.10
1207.0000	29.10
1207.5000	29.09
1208.0000	29.09
1208.5000	29.08
1209.0000	29.08
1209.5000	29.07
1210.0000	29.07
1210.5000	29.06
1211.0000	29.05
1211.5000	29.04
1212.0000	29.04
1212.5000	29.03
1213.0000	29.02
1213.5000	29.01
1214.0000	29.00
1214.5000	29.00
1215.0000	28.99
1215.5000	28.97
1216.0000	28.97
1216.5000	28.96
1217.0000	28.95
1217.5000	28.94
1218.0000	28.93
1218.5000	28.92
1219.0000	28.91
1219.5000	28.90
1220.0000	28.89
1220.5000	28.88
1221.0000	28.87
1221.5000	28.86
1222.0000	28.84
1222.5000	28.83
1223.0000	28.82
1223.5000	28.81
1224.0000	28.80
1224.5000	28.79
1225.0000	28.78
1225.5000	28.76
1226.0000	28.75
1226.5000	28.74
1227.0000	28.72
1227.5000	28.72
1228.0000	28.71
1228.5000	28.69
1229.0000	28.68
1229.5000	28.67
1230.0000	28.66
1230.5000	28.65
1231.0000	28.63
1231.5000	28.62
1232.0000	28.61
1232.5000	28.59
1233.0000	28.59
1233.5000	28.57
1234.0000	28.56
1234.5000	28.55
1235.0000	28.53
1235.5000	28.52
1236.0000	28.50
1236.5000	28.49
1237.0000	28.48
1237.5000	28.46
1238.0000	28.44
1238.5000	28.43
1239.0000	28.41
1239.5000	28.39
1240.0000	28.38
1240.5000	28.37
1241.0000	28.35
1241.5000	28.34
1242.0000	28.32
1242.5000	28.30
1243.0000	28.29
1243.5000	28.27
1244.0000	28.26
1244.5000	28.24
1245.0000	28.23
1245.5000	28.21
1246.0000	28.19
1246.5000	28.17
1247.0000	28.16
1247.5000	28.15
1248.0000	28.14
1248.5000	28.12
1249.0000	28.10
1249.5000	28.09
1250.0000	28.07
1250.5000	28.06
1251.0000	28.04
1251.5000	28.03
1252.0000	28.01
1252.5000	28.00
1253.0000	27.98
1253.5000	27.96
1254.0000	27.94
1254.5000	27.93
1255.0000	27.92
1255.5000	27.89
1256.0000	27.88
1256.5000	27.86
1257.0000	27.85
1257.5000	27.83
1258.0000	27.81
1258.5000	27.80
1259.0000	27.78
1259.5000	27.76
1260.0000	27.74
1260.5000	27.73
1261.0000	27.71
1261.5000	27.70
1262.0000	27.68
1262.5000	27.66
1263.0000	27.65
1263.5000	27.63
1264.0000	27.62
1264.5000	27.61
1265.0000	27.58
1265.5000	27.57
1266.0000	27.56
1266.5000	27.54
1267.0000	27.52
1267.5000	27.51
1268.0000	27.50
1268.5000	27.48
1269.0000	27.47
1269.5000	27.46
1270.0000	27.44
1270.5000	27.43
1271.0000	27.42
1271.5000	27.40
1272.0000	27.39
1272.5000	27.39
1273.0000	27.37
1273.5000	27.36
1274.0000	27.35
1274.5000	27.33
1275.0000	27.32
1275.5000	27.32
1276.0000	27.30
1276.5000	27.29
1277.0000	27.28
1277.5000	27.28
1278.0000	27.27
1278.5000	27.26
1279.0000	27.26
1279.5000	27.25
1280.0000	27.24
1280.5000	27.23
1281.0000	27.23
1281.5000	27.22
1282.0000	27.22
1282.5000	27.22
1283.0000	27.21
1283.5000	27.21
1284.0000	27.21
1284.5000	27.20
1285.0000	27.20
1285.5000	27.20
1286.0000	27.19
1286.5000	27.20
1287.0000	27.19
1287.5000	27.19
1288.0000	27.19
1288.5000	27.19
1289.0000	27.20
1289.5000	27.20
1290.0000	27.20
1290.5000	27.20
1291.0000	27.20
1291.5000	27.20
1292.0000	27.20
1292.5000	27.20
1293.0000	27.21
1293.5000	27.21
1294.0000	27.21
1294.5000	27.22
1295.0000	27.22
1295.5000	27.22
1296.0000	27.23
1296.5000	27.23
1297.0000	27.23
1297.5000	27.24
1298.0000	27.24
1298.5000	27.25
1299.0000	27.25
1299.5000	27.26
1300.0000	27.27
1300.5000	27.27
1301.0000	27.28
1301.5000	27.28
1302.0000	27.29
1302.5000	27.30
1303.0000	27.30
1303.5000	27.31
1304.0000	27.32
1304.5000	27.33
1305.0000	27.33
1305.5000	27.34
1306.0000	27.35
1306.5000	27.35
1307.0000	27.36
1307.5000	27.37
1308.0000	27.38
1308.5000	27.39
1309.0000	27.40
1309.5000	27.40
1310.0000	27.41
1310.5000	27.42
1311.0000	27.43
1311.5000	27.44
1312.0000	27.45
1312.5000	27.46
1313.0000	27.48
1313.5000	27.49
1314.0000	27.50
1314.5000	27.51
1315.0000	27.52
1315.5000	27.54
1316.0000	27.54
1316.5000	27.56
1317.0000	27.57
1317.5000	27.59
1318.0000	27.59
1318.5000	27.61
1319.0000	27.62
1319.5000	27.63
1320.0000	27.65
1320.5000	27.66
1321.0000	27.67
1321.5000	27.69
1322.0000	27.70
1322.5000	27.71
1323.0000	27.73
1323.5000	27.74
1324.0000	27.75
1324.5000	27.76
1325.0000	27.78
1325.5000	27.79
1326.0000	27.81
1326.5000	27.82
1327.0000	27.83
1327.5000	27.85
1328.0000	27.86
1328.5000	27.87
1329.0000	27.89
1329.5000	27.90
1330.0000	27.91
1330.5000	27.93
1331.0000	27.94
1331.5000	27.96
1332.0000	27.97
1332.5000	27.98
1333.0000	27.99
1333.5000	28.01
1334.0000	28.03
1334.5000	28.04
1335.0000	28.06
1335.5000	28.08
1336.0000	28.09
1336.5000	28.11
1337.0000	28.12
1337.5000	28.14
1338.0000	28.16
1338.5000	28.17
1339.0000	28.19
1339.5000	28.21
1340.0000	28.22
1340.5000	28.24
1341.0000	28.26
1341.5000	28.27
1342.0000	28.29
1342.5000	28.31
1343.0000	28.33
1343.5000	28.34
1344.0000	28.36
1344.5000	28.37
1345.0000	28.39
1345.5000	28.41
1346.0000	28.43
1346.5000	28.45
1347.0000	28.47
1347.5000	28.48
1348.0000	28.51
1348.5000	28.52
1349.0000	28.54
1349.5000	28.56
1350.0000	28.59
1350.5000	28.60
1351.0000	28.61
1351.5000	28.63
1352.0000	28.66
1352.5000	28.67
1353.0000	28.69
1353.5000	28.71
1354.0000	28.73
1354.5000	28.74
1355.0000	28.76
1355.5000	28.78
1356.0000	28.79
1356.5000	28.81
1357.0000	28.83
