0.0000	-0.821
0.5000	-0.819
1.0000	-0.813
1.5000	-0.818
2.0000	-0.811
2.5000	-0.816
3.0000	-0.810
3.5000	-0.811
4.0000	-0.812
4.5000	-0.813
5.0000	-0.809
5.5000	-0.804
6.0000	-0.808
6.5000	-0.804
7.0000	-0.808
7.5000	-0.811
8.0000	-0.820
8.5000	-0.820
9.0000	-0.807
9.5000	-0.807
10.0000	-0.813
10.5000	-0.821
11.0000	-0.810
11.5000	-0.824
12.0000	-0.828
12.5000	-0.856
13.0000	-0.876
13.5000	-0.919
14.0000	-0.970
14.5000	-1.031
15.0000	-1.110
15.5000	-1.192
16.0000	-1.276
16.5000	-1.366
17.0000	-1.453
17.5000	-1.520
18.0000	-1.583
18.5000	-1.619
19.0000	-1.659
19.5000	-1.667
20.0000	-1.681
20.5000	-1.685
21.0000	-1.681
21.5000	-1.663
22.0000	-1.650
22.5000	-1.634
23.0000	-1.600
23.5000	-1.573
24.0000	-1.543
24.5000	-1.509
25.0000	-1.481
25.5000	-1.437
26.0000	-1.413
26.5000	-1.375
27.0000	-1.350
27.5000	-1.320
28.0000	-1.281
28.5000	-1.250
29.0000	-1.216
29.5000	-1.209
30.0000	-1.173
30.5000	-1.142
31.0000	-1.116
31.5000	-1.105
32.0000	-1.088
32.5000	-1.057
33.0000	-1.034
33.5000	-1.016
34.0000	-1.007
34.5000	-0.981
35.0000	-0.966
35.5000	-0.952
36.0000	-0.940
36.5000	-0.932
37.0000	-0.920
37.5000	-0.898
38.0000	-0.895
38.5000	-0.878
39.0000	-0.868
39.5000	-0.856
40.0000	-0.849
40.5000	-0.846
41.0000	-0.841
41.5000	-0.830
42.0000	-0.824
42.5000	-0.822
43.0000	-0.819
43.5000	-0.814
44.0000	-0.805
44.5000	-0.805
45.0000	-0.799
45.5000	-0.790
46.0000	-0.794
46.5000	-0.786
47.0000	-0.786
47.5000	-0.784
48.0000	-0.777
48.5000	-0.769
49.0000	-0.776
49.5000	-0.768
50.0000	-0.763
50.5000	-0.756
51.0000	-0.752
51.5000	-0.755
52.0000	-0.753
52.5000	-0.750
53.0000	-0.752
53.5000	-0.745
54.0000	-0.747
54.5000	-0.756
55.0000	-0.753
55.5000	-0.761
56.0000	-0.750
56.5000	-0.747
57.0000	-0.757
57.5000	-0.747
58.0000	-0.747
58.5000	-0.748
59.0000	-0.745
59.5000	-0.748
60.0000	-0.757
60.5000	-0.753
61.0000	-0.750
61.5000	-0.756
62.0000	-0.755
62.5000	-0.756
63.0000	-0.751
63.5000	-0.747
64.0000	-0.745
64.5000	-0.746
65.0000	-0.750
65.5000	-0.750
66.0000	-0.742
66.5000	-0.751
67.0000	-0.747
67.5000	-0.743
68.0000	-0.746
68.5000	-0.754
69.0000	-0.749
69.5000	-0.753
70.0000	-0.754
70.5000	-0.752
71.0000	-0.757
71.5000	-0.754
72.0000	-0.753
72.5000	-0.751
73.0000	-0.758
73.5000	-0.755
74.0000	-0.763
74.5000	-0.756
75.0000	-0.756
75.5000	-0.760
76.0000	-0.747
76.5000	-0.743
77.0000	-0.754
77.5000	-0.755
78.0000	-0.750
78.5000	-0.756
79.0000	-0.756
79.5000	-0.759
80.0000	-0.758
80.5000	-0.756
81.0000	-0.760
81.5000	-0.746
82.0000	-0.759
82.5000	-0.755
83.0000	-0.751
83.5000	-0.750
84.0000	-0.748
84.5000	-0.748
85.0000	-0.751
85.5000	-0.749
86.0000	-0.751
86.5000	-0.744
87.0000	-0.746
87.5000	-0.747
88.0000	-0.749
88.5000	-0.744
89.0000	-0.743
89.5000	-0.746
90.0000	-0.745
90.5000	-0.739
91.0000	-0.744
91.5000	-0.744
92.0000	-0.750
92.5000	-0.744
93.0000	-0.735
93.5000	-0.744
94.0000	-0.744
94.5000	-0.745
95.0000	-0.743
95.5000	-0.745
96.0000	-0.747
96.5000	-0.743
97.0000	-0.737
97.5000	-0.741
98.0000	-0.741
98.5000	-0.753
99.0000	-0.749
99.5000	-0.743
100.0000	-0.740
100.5000	-0.751
101.0000	-0.742
101.5000	-0.744
102.0000	-0.740
102.5000	-0.737
103.0000	-0.739
103.5000	-0.743
104.0000	-0.741
104.5000	-0.747
105.0000	-0.745
105.5000	-0.741
106.0000	-0.739
106.5000	-0.743
107.0000	-0.740
107.5000	-0.742
108.0000	-0.739
108.5000	-0.741
109.0000	-0.738
109.5000	-0.739
110.0000	-0.739
110.5000	-0.747
111.0000	-0.748
111.5000	-0.746
112.0000	-0.748
112.5000	-0.743
113.0000	-0.739
113.5000	-0.748
114.0000	-0.740
114.5000	-0.742
115.0000	-0.746
115.5000	-0.739
116.0000	-0.735
116.5000	-0.738
117.0000	-0.741
117.5000	-0.735
118.0000	-0.736
118.5000	-0.740
119.0000	-0.734
119.5000	-0.731
120.0000	-0.733
120.5000	-0.733
121.0000	-0.729
121.5000	-0.735
122.0000	-0.725
122.5000	-0.727
123.0000	-0.733
123.5000	-0.733
124.0000	-0.732
124.5000	-0.731
125.0000	-0.736
125.5000	-0.733
126.0000	-0.725
126.5000	-0.733
127.0000	-0.727
127.5000	-0.734
128.0000	-0.741
128.5000	-0.733
129.0000	-0.726
129.5000	-0.730
130.0000	-0.732
130.5000	-0.728
131.0000	-0.726
131.5000	-0.724
132.0000	-0.728
132.5000	-0.725
133.0000	-0.733
133.5000	-0.734
134.0000	-0.731
134.5000	-0.737
135.0000	-0.736
135.5000	-0.734
136.0000	-0.731
136.5000	-0.733
137.0000	-0.729
137.5000	-0.736
138.0000	-0.729
138.5000	-0.731
139.0000	-0.728
139.5000	-0.723
140.0000	-0.723
140.5000	-0.730
141.0000	-0.719
141.5000	-0.728
142.0000	-0.718
142.5000	-0.716
143.0000	-0.716
143.5000	-0.719
144.0000	-0.713
144.5000	-0.721
145.0000	-0.718
145.5000	-0.720
146.0000	-0.716
146.5000	-0.717
147.0000	-0.723
147.5000	-0.715
148.0000	-0.720
148.5000	-0.722
149.0000	-0.720
149.5000	-0.712
150.0000	-0.727
150.5000	-0.717
151.0000	-0.723
151.5000	-0.729
152.0000	-0.718
152.5000	-0.712
153.0000	-0.712
153.5000	-0.705
154.0000	-0.707
154.5000	-0.712
155.0000	-0.715
155.5000	-0.710
156.0000	-0.713
156.5000	-0.714
157.0000	-0.712
157.5000	-0.714
158.0000	-0.712
158.5000	-0.713
159.0000	-0.714
159.5000	-0.718
160.0000	-0.710
160.5000	-0.706
161.0000	-0.713
161.5000	-0.711
162.0000	-0.715
162.5000	-0.711
163.0000	-0.722
163.5000	-0.713
164.0000	-0.711
164.5000	-0.712
165.0000	-0.718
165.5000	-0.711
166.0000	-0.707
166.5000	-0.718
167.0000	-0.719
167.5000	-0.711
168.0000	-0.721
168.5000	-0.719
169.0000	-0.712
169.5000	-0.723
170.0000	-0.720
170.5000	-0.715
171.0000	-0.713
171.5000	-0.709
172.0000	-0.715
172.5000	-0.711
173.0000	-0.713
173.5000	-0.701
174.0000	-0.713
174.5000	-0.711
175.0000	-0.719
175.5000	-0.717
176.0000	-0.713
176.5000	-0.708
177.0000	-0.710
177.5000	-0.712
178.0000	-0.706
178.5000	-0.708
179.0000	-0.711
179.5000	-0.710
180.0000	-0.710
180.5000	-0.717
181.0000	-0.712
181.5000	-0.712
182.0000	-0.711
182.5000	-0.712
183.0000	-0.708
183.5000	-0.713
184.0000	-0.712
184.5000	-0.717
185.0000	-0.718
185.5000	-0.712
186.0000	-0.714
186.5000	-0.718
187.0000	-0.714
187.5000	-0.714
188.0000	-0.718
188.5000	-0.719
189.0000	-0.717
189.5000	-0.725
190.0000	-0.720
190.5000	-0.729
191.0000	-0.727
191.5000	-0.730
192.0000	-0.725
192.5000	-0.731
193.0000	-0.730
193.5000	-0.729
194.0000	-0.733
194.5000	-0.732
195.0000	-0.733
195.5000	-0.732
196.0000	-0.735
196.5000	-0.730
197.0000	-0.732
197.5000	-0.743
198.0000	-0.745
198.5000	-0.746
199.0000	-0.741
199.5000	-0.742
200.0000	-0.742
200.5000	-0.732
201.0000	-0.737
201.5000	-0.732
202.0000	-0.742
202.5000	-0.733
203.0000	-0.743
203.5000	-0.743
204.0000	-0.741
204.5000	-0.739
205.0000	-0.750
205.5000	-0.741
206.0000	-0.740
206.5000	-0.747
207.0000	-0.743
207.5000	-0.742
208.0000	-0.746
208.5000	-0.734
209.0000	-0.745
209.5000	-0.740
210.0000	-0.736
210.5000	-0.740
211.0000	-0.739
211.5000	-0.739
212.0000	-0.744
212.5000	-0.739
213.0000	-0.735
213.5000	-0.732
214.0000	-0.736
214.5000	-0.726
215.0000	-0.742
215.5000	-0.743
216.0000	-0.731
216.5000	-0.744
217.0000	-0.742
217.5000	-0.740
218.0000	-0.743
218.5000	-0.737
219.0000	-0.736
219.5000	-0.737
220.0000	-0.731
220.5000	-0.741
221.0000	-0.755
221.5000	-0.779
222.0000	-0.821
222.5000	-0.877
223.0000	-0.956
223.5000	-1.034
224.0000	-1.124
224.5000	-1.221
225.0000	-1.324
225.5000	-1.421
226.0000	-1.527
226.5000	-1.623
227.0000	-1.738
227.5000	-1.835
228.0000	-1.935
228.5000	-2.036
229.0000	-2.133
229.5000	-2.217
230.0000	-2.305
230.5000	-2.387
231.0000	-2.467
231.5000	-2.539
232.0000	-2.605
232.5000	-2.660
233.0000	-2.719
233.5000	-2.765
234.0000	-2.830
234.5000	-2.865
235.0000	-2.913
235.5000	-2.959
236.0000	-2.997
236.5000	-3.035
237.0000	-3.063
237.5000	-3.096
238.0000	-3.119
238.5000	-3.138
239.0000	-3.163
239.5000	-3.179
240.0000	-3.207
240.5000	-3.224
241.0000	-3.241
241.5000	-3.257
242.0000	-3.264
242.5000	-3.280
243.0000	-3.292
243.5000	-3.308
244.0000	-3.308
244.5000	-3.308
245.0000	-3.312
245.5000	-3.319
246.0000	-3.312
246.5000	-3.305
247.0000	-3.317
247.5000	-3.323
248.0000	-3.321
248.5000	-3.317
249.0000	-3.308
249.5000	-3.320
250.0000	-3.319
250.5000	-3.323
251.0000	-3.310
251.5000	-3.308
252.0000	-3.311
252.5000	-3.303
253.0000	-3.303
253.5000	-3.291
254.0000	-3.294
254.5000	-3.292
255.0000	-3.288
255.5000	-3.278
256.0000	-3.269
256.5000	-3.262
257.0000	-3.256
257.5000	-3.240
258.0000	-3.238
258.5000	-3.231
259.0000	-3.212
259.5000	-3.201
260.0000	-3.204
260.5000	-3.196
261.0000	-3.184
261.5000	-3.179
262.0000	-3.177
262.5000	-3.172
263.0000	-3.157
263.5000	-3.152
264.0000	-3.148
264.5000	-3.139
265.0000	-3.134
265.5000	-3.127
266.0000	-3.129
266.5000	-3.123
267.0000	-3.122
267.5000	-3.112
268.0000	-3.109
268.5000	-3.103
269.0000	-3.097
269.5000	-3.089
270.0000	-3.095
270.5000	-3.092
271.0000	-3.084
271.5000	-3.085
272.0000	-3.080
272.5000	-3.074
273.0000	-3.078
273.5000	-3.087
274.0000	-3.080
274.5000	-3.070
275.0000	-3.071
275.5000	-3.069
276.0000	-3.070
276.5000	-3.070
277.0000	-3.069
277.5000	-3.065
278.0000	-3.064
278.5000	-3.056
279.0000	-3.041
279.5000	-3.033
280.0000	-3.028
280.5000	-3.021
281.0000	-3.019
281.5000	-3.009
282.0000	-3.015
282.5000	-3.010
283.0000	-3.002
283.5000	-2.986
284.0000	-2.978
284.5000	-2.983
285.0000	-2.969
285.5000	-2.973
286.0000	-2.974
286.5000	-2.974
287.0000	-2.965
287.5000	-2.966
288.0000	-2.962
288.5000	-2.971
289.0000	-2.972
289.5000	-2.970
290.0000	-2.969
290.5000	-2.972
291.0000	-2.967
291.5000	-2.959
292.0000	-2.952
292.5000	-2.959
293.0000	-2.963
293.5000	-2.955
294.0000	-2.950
294.5000	-2.967
295.0000	-2.961
295.5000	-2.962
296.0000	-2.963
296.5000	-2.962
297.0000	-2.963
297.5000	-2.957
298.0000	-2.967
298.5000	-2.973
299.0000	-2.978
299.5000	-2.970
300.0000	-2.974
300.5000	-2.980
301.0000	-2.977
301.5000	-2.979
302.0000	-2.985
302.5000	-2.984
303.0000	-2.974
303.5000	-2.968
304.0000	-2.972
304.5000	-2.972
305.0000	-2.973
305.5000	-2.978
306.0000	-2.981
306.5000	-2.983
307.0000	-2.990
307.5000	-2.985
308.0000	-2.983
308.5000	-2.982
309.0000	-2.981
309.5000	-2.980
310.0000	-2.978
310.5000	-2.970
311.0000	-2.976
311.5000	-2.975
312.0000	-2.962
312.5000	-2.960
313.0000	-2.960
313.5000	-2.967
314.0000	-2.970
314.5000	-2.968
315.0000	-2.974
315.5000	-2.978
316.0000	-2.982
316.5000	-2.988
317.0000	-2.985
317.5000	-2.987
318.0000	-2.986
318.5000	-2.986
319.0000	-2.988
319.5000	-2.991
320.0000	-2.994
320.5000	-2.996
321.0000	-3.003
321.5000	-3.007
322.0000	-3.008
322.5000	-3.008
323.0000	-3.011
323.5000	-3.011
324.0000	-3.009
324.5000	-3.009
325.0000	-3.008
325.5000	-3.007
326.0000	-3.011
326.5000	-3.011
327.0000	-3.017
327.5000	-3.028
328.0000	-3.029
328.5000	-3.038
329.0000	-3.044
329.5000	-3.044
330.0000	-3.037
330.5000	-3.037
331.0000	-3.047
331.5000	-3.045
332.0000	-3.056
332.5000	-3.048
333.0000	-3.054
333.5000	-3.047
334.0000	-3.043
334.5000	-3.051
335.0000	-3.039
335.5000	-3.044
336.0000	-3.042
336.5000	-3.049
337.0000	-3.044
337.5000	-3.046
338.0000	-3.051
338.5000	-3.050
339.0000	-3.050
339.5000	-3.049
340.0000	-3.032
340.5000	-3.028
341.0000	-3.039
341.5000	-3.030
342.0000	-3.035
342.5000	-3.032
343.0000	-3.045
343.5000	-3.046
344.0000	-3.047
344.5000	-3.058
345.0000	-3.062
345.5000	-3.057
346.0000	-3.057
346.5000	-3.066
347.0000	-3.068
347.5000	-3.066
348.0000	-3.079
348.5000	-3.085
349.0000	-3.085
349.5000	-3.086
350.0000	-3.088
350.5000	-3.087
351.0000	-3.094
351.5000	-3.096
352.0000	-3.098
352.5000	-3.105
353.0000	-3.098
353.5000	-3.102
354.0000	-3.106
354.5000	-3.103
355.0000	-3.104
355.5000	-3.104
356.0000	-3.109
356.5000	-3.110
357.0000	-3.115
357.5000	-3.124
358.0000	-3.125
358.5000	-3.120
359.0000	-3.123
359.5000	-3.118
360.0000	-3.129
360.5000	-3.125
361.0000	-3.130
361.5000	-3.139
362.0000	-3.143
362.5000	-3.136
363.0000	-3.143
363.5000	-3.138
364.0000	-3.148
364.5000	-3.148
365.0000	-3.158
365.5000	-3.155
366.0000	-3.152
366.5000	-3.145
367.0000	-3.147
367.5000	-3.140
368.0000	-3.140
368.5000	-3.125
369.0000	-3.127
369.5000	-3.119
370.0000	-3.121
370.5000	-3.113
371.0000	-3.116
371.5000	-3.119
372.0000	-3.119
372.5000	-3.123
373.0000	-3.126
373.5000	-3.127
374.0000	-3.126
374.5000	-3.126
375.0000	-3.129
375.5000	-3.142
376.0000	-3.146
376.5000	-3.146
377.0000	-3.145
377.5000	-3.146
378.0000	-3.142
378.5000	-3.141
379.0000	-3.139
379.5000	-3.133
380.0000	-3.138
380.5000	-3.137
381.0000	-3.124
381.5000	-3.126
382.0000	-3.124
382.5000	-3.125
383.0000	-3.117
383.5000	-3.119
384.0000	-3.112
384.5000	-3.117
385.0000	-3.125
385.5000	-3.127
386.0000	-3.117
386.5000	-3.128
387.0000	-3.117
387.5000	-3.120
388.0000	-3.121
388.5000	-3.118
389.0000	-3.128
389.5000	-3.129
390.0000	-3.139
390.5000	-3.141
391.0000	-3.147
391.5000	-3.151
392.0000	-3.153
392.5000	-3.154
393.0000	-3.162
393.5000	-3.167
394.0000	-3.162
394.5000	-3.159
395.0000	-3.161
395.5000	-3.167
396.0000	-3.170
396.5000	-3.169
397.0000	-3.163
397.5000	-3.165
398.0000	-3.165
398.5000	-3.169
399.0000	-3.163
399.5000	-3.157
400.0000	-3.158
400.5000	-3.155
401.0000	-3.155
401.5000	-3.158
402.0000	-3.163
402.5000	-3.160
403.0000	-3.159
403.5000	-3.160
404.0000	-3.158
404.5000	-3.157
405.0000	-3.150
405.5000	-3.142
406.0000	-3.144
406.5000	-3.150
407.0000	-3.145
407.5000	-3.145
408.0000	-3.146
408.5000	-3.141
409.0000	-3.139
409.5000	-3.140
410.0000	-3.150
410.5000	-3.142
411.0000	-3.142
411.5000	-3.145
412.0000	-3.145
412.5000	-3.151
413.0000	-3.150
413.5000	-3.145
414.0000	-3.149
414.5000	-3.154
415.0000	-3.154
415.5000	-3.150
416.0000	-3.147
416.5000	-3.148
417.0000	-3.152
417.5000	-3.145
418.0000	-3.144
418.5000	-3.133
419.0000	-3.142
419.5000	-3.145
420.0000	-3.141
420.5000	-3.145
421.0000	-3.149
421.5000	-3.148
422.0000	-3.146
422.5000	-3.147
423.0000	-3.148
423.5000	-3.141
424.0000	-3.148
424.5000	-3.140
425.0000	-3.147
425.5000	-3.151
426.0000	-3.153
426.5000	-3.151
427.0000	-3.154
427.5000	-3.146
428.0000	-3.156
428.5000	-3.153
429.0000	-3.155
429.5000	-3.147
430.0000	-3.148
430.5000	-3.145
431.0000	-3.145
431.5000	-3.145
432.0000	-3.138
432.5000	-3.144
433.0000	-3.147
433.5000	-3.152
434.0000	-3.153
434.5000	-3.161
435.0000	-3.163
435.5000	-3.160
436.0000	-3.174
436.5000	-3.169
437.0000	-3.170
437.5000	-3.169
438.0000	-3.164
438.5000	-3.171
439.0000	-3.166
439.5000	-3.166
440.0000	-3.171
440.5000	-3.169
441.0000	-3.175
441.5000	-3.166
442.0000	-3.175
442.5000	-3.183
443.0000	-3.189
443.5000	-3.186
444.0000	-3.190
444.5000	-3.190
445.0000	-3.181
445.5000	-3.193
446.0000	-3.194
446.5000	-3.187
447.0000	-3.189
447.5000	-3.193
448.0000	-3.179
448.5000	-3.191
449.0000	-3.195
449.5000	-3.190
450.0000	-3.190
450.5000	-3.200
451.0000	-3.201
451.5000	-3.208
452.0000	-3.211
452.5000	-3.214
453.0000	-3.213
453.5000	-3.215
454.0000	-3.220
454.5000	-3.215
455.0000	-3.213
455.5000	-3.214
456.0000	-3.207
456.5000	-3.202
457.0000	-3.203
457.5000	-3.207
458.0000	-3.197
458.5000	-3.202
459.0000	-3.206
459.5000	-3.201
460.0000	-3.201
460.5000	-3.210
461.0000	-3.200
461.5000	-3.199
462.0000	-3.197
462.5000	-3.203
463.0000	-3.198
463.5000	-3.196
464.0000	-3.195
464.5000	-3.189
465.0000	-3.195
465.5000	-3.194
466.0000	-3.194
466.5000	-3.194
467.0000	-3.193
467.5000	-3.183
468.0000	-3.185
468.5000	-3.188
469.0000	-3.193
469.5000	-3.196
470.0000	-3.202
470.5000	-3.199
471.0000	-3.199
471.5000	-3.203
472.0000	-3.216
472.5000	-3.220
473.0000	-3.228
473.5000	-3.233
474.0000	-3.242
474.5000	-3.256
475.0000	-3.266
475.5000	-3.272
476.0000	-3.280
476.5000	-3.280
477.0000	-3.280
477.5000	-3.276
478.0000	-3.273
478.5000	-3.274
479.0000	-3.273
479.5000	-3.271
480.0000	-3.273
480.5000	-3.277
481.0000	-3.290
481.5000	-3.288
482.0000	-3.296
482.5000	-3.296
483.0000	-3.305
483.5000	-3.308
484.0000	-3.308
484.5000	-3.305
485.0000	-3.315
485.5000	-3.303
486.0000	-3.312
486.5000	-3.329
487.0000	-3.325
487.5000	-3.327
488.0000	-3.323
488.5000	-3.317
489.0000	-3.317
489.5000	-3.297
490.0000	-3.284
490.5000	-3.276
491.0000	-3.273
491.5000	-3.263
492.0000	-3.250
492.5000	-3.249
493.0000	-3.248
493.5000	-3.247
494.0000	-3.248
494.5000	-3.255
495.0000	-3.255
495.5000	-3.259
496.0000	-3.266
496.5000	-3.268
497.0000	-3.267
497.5000	-3.283
498.0000	-3.280
498.5000	-3.287
499.0000	-3.300
499.5000	-3.316
500.0000	-3.314
500.5000	-3.321
501.0000	-3.325
501.5000	-3.330
502.0000	-3.328
502.5000	-3.328
503.0000	-3.339
503.5000	-3.331
504.0000	-3.343
504.5000	-3.334
505.0000	-3.336
505.5000	-3.332
506.0000	-3.341
506.5000	-3.332
507.0000	-3.336
507.5000	-3.334
508.0000	-3.333
508.5000	-3.341
509.0000	-3.334
509.5000	-3.334
510.0000	-3.338
510.5000	-3.341
511.0000	-3.333
511.5000	-3.338
512.0000	-3.346
512.5000	-3.347
513.0000	-3.343
513.5000	-3.341
514.0000	-3.352
514.5000	-3.358
515.0000	-3.360
515.5000	-3.359
516.0000	-3.356
516.5000	-3.355
517.0000	-3.358
517.5000	-3.361
518.0000	-3.363
518.5000	-3.368
519.0000	-3.362
519.5000	-3.366
520.0000	-3.368
520.5000	-3.365
521.0000	-3.370
521.5000	-3.368
522.0000	-3.367
522.5000	-3.374
523.0000	-3.377
523.5000	-3.378
524.0000	-3.378
524.5000	-3.391
525.0000	-3.388
525.5000	-3.385
526.0000	-3.385
526.5000	-3.385
527.0000	-3.383
527.5000	-3.385
528.0000	-3.391
528.5000	-3.386
529.0000	-3.383
529.5000	-3.385
530.0000	-3.394
530.5000	-3.395
531.0000	-3.402
531.5000	-3.404
532.0000	-3.410
532.5000	-3.411
533.0000	-3.411
533.5000	-3.407
534.0000	-3.402
534.5000	-3.412
535.0000	-3.406
535.5000	-3.408
536.0000	-3.402
536.5000	-3.405
537.0000	-3.405
537.5000	-3.400
538.0000	-3.397
538.5000	-3.403
539.0000	-3.400
539.5000	-3.394
540.0000	-3.393
540.5000	-3.395
541.0000	-3.390
541.5000	-3.401
542.0000	-3.395
542.5000	-3.395
543.0000	-3.403
543.5000	-3.410
544.0000	-3.394
544.5000	-3.392
545.0000	-3.398
545.5000	-3.400
546.0000	-3.393
546.5000	-3.400
547.0000	-3.394
547.5000	-3.387
548.0000	-3.393
548.5000	-3.391
549.0000	-3.387
549.5000	-3.384
550.0000	-3.396
550.5000	-3.384
551.0000	-3.394
551.5000	-3.389
552.0000	-3.388
552.5000	-3.396
553.0000	-3.389
553.5000	-3.395
554.0000	-3.390
554.5000	-3.398
555.0000	-3.393
555.5000	-3.389
556.0000	-3.392
556.5000	-3.393
557.0000	-3.393
557.5000	-3.383
558.0000	-3.391
558.5000	-3.392
559.0000	-3.396
559.5000	-3.397
560.0000	-3.397
560.5000	-3.398
561.0000	-3.402
561.5000	-3.397
562.0000	-3.396
562.5000	-3.414
563.0000	-3.417
563.5000	-3.406
564.0000	-3.408
564.5000	-3.414
565.0000	-3.415
565.5000	-3.415
566.0000	-3.416
566.5000	-3.415
567.0000	-3.416
567.5000	-3.421
568.0000	-3.413
568.5000	-3.424
569.0000	-3.420
569.5000	-3.416
570.0000	-3.414
570.5000	-3.419
571.0000	-3.425
571.5000	-3.419
572.0000	-3.422
572.5000	-3.423
573.0000	-3.422
573.5000	-3.412
574.0000	-3.416
574.5000	-3.421
575.0000	-3.419
575.5000	-3.417
576.0000	-3.417
576.5000	-3.408
577.0000	-3.415
577.5000	-3.420
578.0000	-3.416
578.5000	-3.409
579.0000	-3.402
579.5000	-3.407
580.0000	-3.401
580.5000	-3.409
581.0000	-3.401
581.5000	-3.403
582.0000	-3.401
582.5000	-3.406
583.0000	-3.410
583.5000	-3.404
584.0000	-3.400
584.5000	-3.405
585.0000	-3.391
585.5000	-3.402
586.0000	-3.393
586.5000	-3.393
587.0000	-3.387
587.5000	-3.384
588.0000	-3.384
588.5000	-3.381
589.0000	-3.386
589.5000	-3.386
590.0000	-3.384
590.5000	-3.380
591.0000	-3.374
591.5000	-3.364
592.0000	-3.369
592.5000	-3.365
593.0000	-3.365
593.5000	-3.363
594.0000	-3.353
594.5000	-3.365
595.0000	-3.355
595.5000	-3.366
596.0000	-3.363
596.5000	-3.359
597.0000	-3.359
597.5000	-3.356
598.0000	-3.352
598.5000	-3.351
599.0000	-3.351
599.5000	-3.347
600.0000	-3.324
600.5000	-3.334
601.0000	-3.332
601.5000	-3.325
602.0000	-3.322
602.5000	-3.323
603.0000	-3.328
603.5000	-3.322
604.0000	-3.325
604.5000	-3.313
605.0000	-3.312
605.5000	-3.307
606.0000	-3.303
606.5000	-3.308
607.0000	-3.292
607.5000	-3.296
608.0000	-3.296
608.5000	-3.295
609.0000	-3.293
609.5000	-3.297
610.0000	-3.299
610.5000	-3.302
611.0000	-3.292
611.5000	-3.297
612.0000	-3.292
612.5000	-3.287
613.0000	-3.284
613.5000	-3.289
614.0000	-3.293
614.5000	-3.284
615.0000	-3.293
615.5000	-3.286
616.0000	-3.285
616.5000	-3.288
617.0000	-3.291
617.5000	-3.290
618.0000	-3.289
618.5000	-3.296
619.0000	-3.295
619.5000	-3.291
620.0000	-3.296
620.5000	-3.301
621.0000	-3.308
621.5000	-3.301
622.0000	-3.309
622.5000	-3.301
623.0000	-3.302
623.5000	-3.309
624.0000	-3.295
624.5000	-3.297
625.0000	-3.299
625.5000	-3.302
626.0000	-3.302
626.5000	-3.298
627.0000	-3.305
627.5000	-3.310
628.0000	-3.304
628.5000	-3.308
629.0000	-3.312
629.5000	-3.307
630.0000	-3.312
630.5000	-3.306
631.0000	-3.312
631.5000	-3.310
632.0000	-3.314
632.5000	-3.307
633.0000	-3.303
633.5000	-3.303
634.0000	-3.307
634.5000	-3.299
635.0000	-3.302
635.5000	-3.302
636.0000	-3.299
636.5000	-3.309
637.0000	-3.307
637.5000	-3.305
638.0000	-3.297
638.5000	-3.293
639.0000	-3.299
639.5000	-3.295
640.0000	-3.288
640.5000	-3.295
641.0000	-3.294
641.5000	-3.298
642.0000	-3.291
642.5000	-3.289
643.0000	-3.293
643.5000	-3.296
644.0000	-3.293
644.5000	-3.293
645.0000	-3.292
645.5000	-3.294
646.0000	-3.293
646.5000	-3.295
647.0000	-3.294
647.5000	-3.301
648.0000	-3.304
648.5000	-3.299
649.0000	-3.297
649.5000	-3.295
650.0000	-3.295
650.5000	-3.291
651.0000	-3.293
651.5000	-3.298
652.0000	-3.304
652.5000	-3.297
653.0000	-3.297
653.5000	-3.297
654.0000	-3.288
654.5000	-3.289
655.0000	-3.281
655.5000	-3.280
656.0000	-3.270
656.5000	-3.256
657.0000	-3.237
657.5000	-3.197
658.0000	-3.151
658.5000	-3.092
659.0000	-3.029
659.5000	-2.961
660.0000	-2.889
660.5000	-2.809
661.0000	-2.727
661.5000	-2.642
662.0000	-2.572
662.5000	-2.481
663.0000	-2.406
663.5000	-2.327
664.0000	-2.237
664.5000	-2.162
665.0000	-2.085
665.5000	-2.016
666.0000	-1.945
666.5000	-1.876
667.0000	-1.816
667.5000	-1.753
668.0000	-1.696
668.5000	-1.640
669.0000	-1.582
669.5000	-1.533
670.0000	-1.495
670.5000	-1.442
671.0000	-1.396
671.5000	-1.360
672.0000	-1.321
672.5000	-1.293
673.0000	-1.254
673.5000	-1.226
674.0000	-1.203
674.5000	-1.173
675.0000	-1.148
675.5000	-1.127
676.0000	-1.109
676.5000	-1.083
677.0000	-1.074
677.5000	-1.057
678.0000	-1.048
678.5000	-1.031
679.0000	-1.020
679.5000	-1.012
680.0000	-1.010
680.5000	-1.001
681.0000	-0.994
681.5000	-0.989
682.0000	-0.985
682.5000	-0.974
683.0000	-0.977
683.5000	-0.975
684.0000	-0.968
684.5000	-0.973
685.0000	-0.964
685.5000	-0.967
686.0000	-0.966
686.5000	-0.965
687.0000	-0.969
687.5000	-0.966
688.0000	-0.968
688.5000	-0.962
689.0000	-0.969
689.5000	-0.968
690.0000	-0.971
690.5000	-0.971
691.0000	-0.978
691.5000	-0.979
692.0000	-0.978
692.5000	-0.980
693.0000	-0.986
693.5000	-0.983
694.0000	-0.982
694.5000	-0.990
695.0000	-0.990
695.5000	-0.994
696.0000	-0.998
696.5000	-1.006
697.0000	-1.005
697.5000	-1.002
698.0000	-1.009
698.5000	-1.020
699.0000	-1.021
699.5000	-1.017
700.0000	-1.023
700.5000	-1.025
701.0000	-1.031
701.5000	-1.031
702.0000	-1.043
702.5000	-1.042
703.0000	-1.044
703.5000	-1.043
704.0000	-1.052
704.5000	-1.046
705.0000	-1.059
705.5000	-1.058
706.0000	-1.063
706.5000	-1.072
707.0000	-1.072
707.5000	-1.081
708.0000	-1.080
708.5000	-1.088
709.0000	-1.087
709.5000	-1.093
710.0000	-1.096
710.5000	-1.097
711.0000	-1.099
711.5000	-1.105
712.0000	-1.105
712.5000	-1.111
713.0000	-1.111
713.5000	-1.111
714.0000	-1.122
714.5000	-1.123
715.0000	-1.116
715.5000	-1.129
716.0000	-1.124
716.5000	-1.134
717.0000	-1.131
717.5000	-1.132
718.0000	-1.133
718.5000	-1.140
719.0000	-1.140
719.5000	-1.145
720.0000	-1.142
720.5000	-1.149
721.0000	-1.155
721.5000	-1.157
722.0000	-1.158
722.5000	-1.168
723.0000	-1.159
723.5000	-1.174
724.0000	-1.169
724.5000	-1.174
725.0000	-1.169
725.5000	-1.179
726.0000	-1.173
726.5000	-1.179
727.0000	-1.182
727.5000	-1.187
728.0000	-1.185
728.5000	-1.181
729.0000	-1.188
729.5000	-1.190
730.0000	-1.191
730.5000	-1.195
731.0000	-1.185
731.5000	-1.187
732.0000	-1.192
732.5000	-1.198
733.0000	-1.190
733.5000	-1.194
734.0000	-1.202
734.5000	-1.193
735.0000	-1.194
735.5000	-1.186
736.0000	-1.201
736.5000	-1.199
737.0000	-1.191
737.5000	-1.205
738.0000	-1.202
738.5000	-1.212
739.0000	-1.212
739.5000	-1.206
740.0000	-1.213
740.5000	-1.215
741.0000	-1.207
741.5000	-1.216
742.0000	-1.218
742.5000	-1.219
743.0000	-1.219
743.5000	-1.222
744.0000	-1.215
744.5000	-1.221
745.0000	-1.213
745.5000	-1.218
746.0000	-1.213
746.5000	-1.218
747.0000	-1.223
747.5000	-1.218
748.0000	-1.220
748.5000	-1.217
749.0000	-1.221
749.5000	-1.217
750.0000	-1.221
750.5000	-1.224
751.0000	-1.226
751.5000	-1.228
752.0000	-1.235
752.5000	-1.217
753.0000	-1.230
753.5000	-1.221
754.0000	-1.229
754.5000	-1.231
755.0000	-1.239
755.5000	-1.236
756.0000	-1.234
756.5000	-1.234
757.0000	-1.236
757.5000	-1.233
758.0000	-1.236
758.5000	-1.235
759.0000	-1.233
759.5000	-1.241
760.0000	-1.235
760.5000	-1.241
761.0000	-1.240
761.5000	-1.239
762.0000	-1.240
762.5000	-1.245
763.0000	-1.244
763.5000	-1.244
764.0000	-1.244
764.5000	-1.240
765.0000	-1.247
765.5000	-1.239
766.0000	-1.239
766.5000	-1.241
767.0000	-1.242
767.5000	-1.235
768.0000	-1.242
768.5000	-1.236
769.0000	-1.235
769.5000	-1.238
770.0000	-1.232
770.5000	-1.237
771.0000	-1.230
771.5000	-1.227
772.0000	-1.222
772.5000	-1.232
773.0000	-1.215
773.5000	-1.228
774.0000	-1.225
774.5000	-1.226
775.0000	-1.229
775.5000	-1.220
776.0000	-1.222
776.5000	-1.213
777.0000	-1.219
777.5000	-1.218
778.0000	-1.221
778.5000	-1.214
779.0000	-1.217
779.5000	-1.222
780.0000	-1.224
780.5000	-1.222
781.0000	-1.216
781.5000	-1.226
782.0000	-1.214
782.5000	-1.218
783.0000	-1.223
783.5000	-1.218
784.0000	-1.223
784.5000	-1.215
785.0000	-1.216
785.5000	-1.219
786.0000	-1.218
786.5000	-1.213
787.0000	-1.214
787.5000	-1.221
788.0000	-1.210
788.5000	-1.215
789.0000	-1.212
789.5000	-1.210
790.0000	-1.211
790.5000	-1.208
791.0000	-1.208
791.5000	-1.207
792.0000	-1.209
792.5000	-1.213
793.0000	-1.211
793.5000	-1.208
794.0000	-1.200
794.5000	-1.202
795.0000	-1.198
795.5000	-1.192
796.0000	-1.200
796.5000	-1.195
797.0000	-1.205
797.5000	-1.200
798.0000	-1.202
798.5000	-1.195
799.0000	-1.203
799.5000	-1.202
800.0000	-1.202
800.5000	-1.201
801.0000	-1.198
801.5000	-1.205
802.0000	-1.198
802.5000	-1.203
803.0000	-1.201
803.5000	-1.198
804.0000	-1.193
804.5000	-1.197
805.0000	-1.188
805.5000	-1.188
806.0000	-1.194
806.5000	-1.187
807.0000	-1.186
807.5000	-1.182
808.0000	-1.187
808.5000	-1.179
809.0000	-1.179
809.5000	-1.184
810.0000	-1.187
810.5000	-1.179
811.0000	-1.180
811.5000	-1.178
812.0000	-1.179
812.5000	-1.180
813.0000	-1.174
813.5000	-1.165
814.0000	-1.171
814.5000	-1.179
815.0000	-1.170
815.5000	-1.177
816.0000	-1.178
816.5000	-1.174
817.0000	-1.164
817.5000	-1.175
818.0000	-1.171
818.5000	-1.165
819.0000	-1.174
819.5000	-1.170
820.0000	-1.165
820.5000	-1.167
821.0000	-1.167
821.5000	-1.170
822.0000	-1.167
822.5000	-1.173
823.0000	-1.172
823.5000	-1.170
824.0000	-1.168
824.5000	-1.173
825.0000	-1.171
825.5000	-1.165
826.0000	-1.172
826.5000	-1.180
827.0000	-1.171
827.5000	-1.168
828.0000	-1.175
828.5000	-1.167
829.0000	-1.172
829.5000	-1.171
830.0000	-1.169
830.5000	-1.177
831.0000	-1.177
831.5000	-1.170
832.0000	-1.176
832.5000	-1.175
833.0000	-1.169
833.5000	-1.177
834.0000	-1.170
834.5000	-1.175
835.0000	-1.168
835.5000	-1.166
836.0000	-1.167
836.5000	-1.162
837.0000	-1.171
837.5000	-1.200
838.0000	-1.233
838.5000	-1.289
839.0000	-1.350
839.5000	-1.422
840.0000	-1.508
840.5000	-1.593
841.0000	-1.691
841.5000	-1.801
842.0000	-1.907
842.5000	-1.999
843.0000	-2.109
843.5000	-2.198
844.0000	-2.300
844.5000	-2.393
845.0000	-2.492
845.5000	-2.572
846.0000	-2.660
846.5000	-2.743
847.0000	-2.815
847.5000	-2.890
848.0000	-2.961
848.5000	-3.028
849.0000	-3.080
849.5000	-3.149
850.0000	-3.202
850.5000	-3.242
851.0000	-3.303
851.5000	-3.339
852.0000	-3.386
852.5000	-3.418
853.0000	-3.449
853.5000	-3.480
854.0000	-3.516
854.5000	-3.528
855.0000	-3.564
855.5000	-3.582
856.0000	-3.602
856.5000	-3.614
857.0000	-3.639
857.5000	-3.661
858.0000	-3.670
858.5000	-3.677
859.0000	-3.694
859.5000	-3.700
860.0000	-3.703
860.5000	-3.702
861.0000	-3.709
861.5000	-3.718
862.0000	-3.714
862.5000	-3.710
863.0000	-3.710
863.5000	-3.713
864.0000	-3.717
864.5000	-3.721
865.0000	-3.712
865.5000	-3.715
866.0000	-3.725
866.5000	-3.704
867.0000	-3.703
867.5000	-3.707
868.0000	-3.700
868.5000	-3.701
869.0000	-3.692
869.5000	-3.698
870.0000	-3.684
870.5000	-3.684
871.0000	-3.675
871.5000	-3.667
872.0000	-3.655
872.5000	-3.653
873.0000	-3.648
873.5000	-3.643
874.0000	-3.628
874.5000	-3.625
875.0000	-3.612
875.5000	-3.609
876.0000	-3.595
876.5000	-3.587
877.0000	-3.581
877.5000	-3.581
878.0000	-3.573
878.5000	-3.573
879.0000	-3.562
879.5000	-3.549
880.0000	-3.541
880.5000	-3.544
881.0000	-3.531
881.5000	-3.533
882.0000	-3.525
882.5000	-3.517
883.0000	-3.517
883.5000	-3.503
884.0000	-3.502
884.5000	-3.499
885.0000	-3.497
885.5000	-3.493
886.0000	-3.486
886.5000	-3.475
887.0000	-3.472
887.5000	-3.468
888.0000	-3.469
888.5000	-3.461
889.0000	-3.456
889.5000	-3.454
890.0000	-3.451
890.5000	-3.442
891.0000	-3.434
891.5000	-3.433
892.0000	-3.435
892.5000	-3.421
893.0000	-3.424
893.5000	-3.414
894.0000	-3.413
894.5000	-3.403
895.0000	-3.409
895.5000	-3.404
896.0000	-3.393
896.5000	-3.397
897.0000	-3.397
897.5000	-3.391
898.0000	-3.393
898.5000	-3.387
899.0000	-3.384
899.5000	-3.386
900.0000	-3.382
900.5000	-3.382
901.0000	-3.387
901.5000	-3.376
902.0000	-3.370
902.5000	-3.373
903.0000	-3.365
903.5000	-3.370
904.0000	-3.357
904.5000	-3.364
905.0000	-3.355
905.5000	-3.361
906.0000	-3.354
906.5000	-3.353
907.0000	-3.341
907.5000	-3.345
908.0000	-3.348
908.5000	-3.344
909.0000	-3.344
909.5000	-3.339
910.0000	-3.345
910.5000	-3.335
911.0000	-3.337
911.5000	-3.337
912.0000	-3.346
912.5000	-3.337
913.0000	-3.335
913.5000	-3.337
914.0000	-3.334
914.5000	-3.329
915.0000	-3.330
915.5000	-3.329
916.0000	-3.329
916.5000	-3.334
917.0000	-3.330
917.5000	-3.330
918.0000	-3.326
918.5000	-3.318
919.0000	-3.317
919.5000	-3.320
920.0000	-3.313
920.5000	-3.307
921.0000	-3.282
921.5000	-3.242
922.0000	-3.199
922.5000	-3.142
923.0000	-3.077
923.5000	-3.012
924.0000	-2.936
924.5000	-2.846
925.0000	-2.762
925.5000	-2.677
926.0000	-2.588
926.5000	-2.506
927.0000	-2.424
927.5000	-2.341
928.0000	-2.250
928.5000	-2.179
929.0000	-2.099
929.5000	-2.016
930.0000	-1.939
930.5000	-1.867
931.0000	-1.798
931.5000	-1.738
932.0000	-1.681
932.5000	-1.611
933.0000	-1.556
933.5000	-1.508
934.0000	-1.453
934.5000	-1.416
935.0000	-1.370
935.5000	-1.333
936.0000	-1.305
936.5000	-1.262
937.0000	-1.226
937.5000	-1.197
938.0000	-1.174
938.5000	-1.147
939.0000	-1.123
939.5000	-1.095
940.0000	-1.089
940.5000	-1.064
941.0000	-1.051
941.5000	-1.030
942.0000	-1.024
942.5000	-1.008
943.0000	-1.002
943.5000	-0.988
944.0000	-0.978
944.5000	-0.979
945.0000	-0.974
945.5000	-0.962
946.0000	-0.964
946.5000	-0.957
947.0000	-0.948
947.5000	-0.951
948.0000	-0.948
948.5000	-0.949
949.0000	-0.948
949.5000	-0.941
950.0000	-0.937
950.5000	-0.946
951.0000	-0.942
951.5000	-0.941
952.0000	-0.939
952.5000	-0.946
953.0000	-0.940
953.5000	-0.941
954.0000	-0.941
954.5000	-0.948
955.0000	-0.948
955.5000	-0.955
956.0000	-0.959
956.5000	-0.961
957.0000	-0.967
957.5000	-0.968
958.0000	-0.965
958.5000	-0.967
959.0000	-0.970
959.5000	-0.974
960.0000	-0.983
960.5000	-0.987
961.0000	-0.994
961.5000	-0.992
962.0000	-1.001
962.5000	-1.005
963.0000	-1.006
963.5000	-1.013
964.0000	-1.016
964.5000	-1.024
965.0000	-1.034
965.5000	-1.020
966.0000	-1.034
966.5000	-1.039
967.0000	-1.047
967.5000	-1.044
968.0000	-1.055
968.5000	-1.054
969.0000	-1.055
969.5000	-1.062
