0.0000	-14.99
0.5000	-15.08
1.0000	-15.02
1.5000	-14.98
2.0000	-14.93
2.5000	-15.87
3.0000	-16.05
3.5000	-15.58
4.0000	-15.64
4.5000	-15.44
5.0000	-15.30
5.5000	-14.97
6.0000	-15.06
6.5000	-15.37
7.0000	-15.38
7.5000	-15.30
8.0000	-15.55
8.5000	-15.47
9.0000	-15.51
9.5000	-15.67
10.0000	-15.60
10.5000	-16.40
11.0000	-17.43
11.5000	-16.70
12.0000	-17.44
12.5000	-16.26
13.0000	-16.09
13.5000	-17.88
14.0000	-17.04
14.5000	-17.12
15.0000	-17.06
15.5000	-17.07
16.0000	-17.56
16.5000	-16.38
17.0000	-16.03
17.5000	-15.82
18.0000	-16.01
18.5000	-16.06
19.0000	-16.33
19.5000	-16.67
20.0000	-16.31
20.5000	-16.19
21.0000	-16.51
21.5000	-16.50
22.0000	-16.68
22.5000	-16.85
23.0000	-17.11
23.5000	-17.50
24.0000	-18.26
24.5000	-17.25
25.0000	-17.82
25.5000	-17.55
26.0000	-18.67
26.5000	-19.03
27.0000	-18.08
27.5000	-17.93
28.0000	-18.50
28.5000	-18.60
29.0000	-21.87
29.5000	-2.64
30.0000	-2.62
30.5000	-20.41
31.0000	-14.88
31.5000	-14.28
32.0000	-2.02
32.5000	-1.98
33.0000	-1.96
33.5000	-1.96
34.0000	-1.95
34.5000	-1.94
35.0000	-1.94
35.5000	-1.95
36.0000	-1.94
36.5000	-1.94
37.0000	-1.95
37.5000	-1.95
38.0000	-1.95
38.5000	-1.97
39.0000	-1.95
39.5000	-1.97
40.0000	-1.96
40.5000	-1.97
41.0000	-1.97
41.5000	-1.97
42.0000	-1.97
42.5000	-1.97
43.0000	-1.97
43.5000	-1.98
44.0000	-1.98
44.5000	-1.99
45.0000	-2.00
45.5000	-2.00
46.0000	-2.02
46.5000	-2.02
47.0000	-2.03
47.5000	-2.03
48.0000	-2.04
48.5000	-2.04
49.0000	-2.05
49.5000	-2.05
50.0000	-2.07
50.5000	-2.09
51.0000	-2.10
51.5000	-2.11
52.0000	-2.11
52.5000	-2.13
53.0000	-2.20
53.5000	-2.45
54.0000	-2.35
54.5000	-2.37
55.0000	-2.38
55.5000	-2.40
56.0000	-2.46
56.5000	-3.72
57.0000	-3.10
57.5000	-3.10
58.0000	-3.10
58.5000	-3.13
59.0000	-3.11
59.5000	-3.12
60.0000	-3.18
60.5000	-2.75
61.0000	-2.61
61.5000	-2.52
62.0000	-2.52
62.5000	-2.54
63.0000	-2.58
63.5000	-2.75
64.0000	-3.95
64.5000	-2.54
65.0000	-2.46
65.5000	-2.44
66.0000	-2.43
66.5000	-2.41
67.0000	-2.39
67.5000	-2.40
68.0000	-2.40
68.5000	-2.39
69.0000	-2.38
69.5000	-2.37
70.0000	-2.37
70.5000	-2.37
71.0000	-2.37
71.5000	-2.36
72.0000	-2.36
72.5000	-2.36
73.0000	-2.36
73.5000	-2.37
74.0000	-2.35
74.5000	-2.35
75.0000	-2.34
75.5000	-2.35
76.0000	-2.33
76.5000	-2.35
77.0000	-2.33
77.5000	-2.34
78.0000	-2.34
78.5000	-2.32
79.0000	-2.32
79.5000	-2.33
80.0000	-2.32
80.5000	-2.31
81.0000	-2.32
81.5000	-2.31
82.0000	-2.30
82.5000	-2.30
83.0000	-2.30
83.5000	-2.30
84.0000	-2.29
84.5000	-2.29
85.0000	-2.29
85.5000	-2.29
86.0000	-2.29
86.5000	-2.29
87.0000	-2.29
87.5000	-2.29
88.0000	-2.29
88.5000	-2.29
89.0000	-2.29
89.5000	-2.28
90.0000	-2.29
90.5000	-2.29
91.0000	-2.29
91.5000	-2.28
92.0000	-2.26
92.5000	-2.27
93.0000	-2.27
93.5000	-2.27
94.0000	-2.26
94.5000	-2.27
95.0000	-2.27
95.5000	-2.26
96.0000	-2.26
96.5000	-2.26
97.0000	-2.26
97.5000	-2.26
98.0000	-2.26
98.5000	-2.25
99.0000	-2.27
99.5000	-2.26
100.0000	-2.26
100.5000	-2.26
101.0000	-2.25
101.5000	-2.26
102.0000	-2.25
102.5000	-2.25
103.0000	-2.26
103.5000	-2.25
104.0000	-2.26
104.5000	-2.28
105.0000	-2.30
105.5000	-2.38
106.0000	-2.37
106.5000	-2.38
107.0000	-2.38
107.5000	-2.37
108.0000	-2.37
108.5000	-2.39
109.0000	-2.39
109.5000	-2.40
110.0000	-2.39
110.5000	-2.40
111.0000	-2.39
111.5000	-2.35
112.0000	-2.36
112.5000	-2.35
113.0000	-2.32
113.5000	-2.33
114.0000	-2.39
114.5000	-2.40
115.0000	-2.38
115.5000	-2.39
116.0000	-2.38
116.5000	-2.40
117.0000	-2.40
117.5000	-2.40
118.0000	-2.40
118.5000	-2.41
119.0000	-2.42
119.5000	-2.42
120.0000	-2.42
120.5000	-2.43
121.0000	-2.44
121.5000	-2.43
122.0000	-2.43
122.5000	-2.44
123.0000	-2.44
123.5000	-2.45
124.0000	-2.44
124.5000	-2.44
125.0000	-2.44
125.5000	-2.43
126.0000	-2.44
126.5000	-2.44
127.0000	-2.45
127.5000	-2.52
128.0000	-2.52
128.5000	-2.51
129.0000	-2.51
129.5000	-2.54
130.0000	-2.54
130.5000	-2.56
131.0000	-2.57
131.5000	-2.59
132.0000	-2.57
132.5000	-2.65
133.0000	-2.60
133.5000	-2.71
134.0000	-2.78
134.5000	-2.78
135.0000	-2.82
135.5000	-4.06
136.0000	-3.75
136.5000	-3.97
137.0000	-3.26
137.5000	-3.21
138.0000	-3.22
138.5000	-3.23
139.0000	-3.22
139.5000	-3.23
140.0000	-3.24
140.5000	-3.23
141.0000	-3.24
141.5000	-3.25
142.0000	-3.26
142.5000	-3.25
143.0000	-3.26
143.5000	-3.35
144.0000	-3.56
144.5000	-3.53
145.0000	-3.41
145.5000	-3.41
146.0000	-3.77
146.5000	-3.56
147.0000	-3.63
147.5000	-3.14
148.0000	-3.13
148.5000	-3.11
149.0000	-3.09
149.5000	-3.11
150.0000	-3.11
150.5000	-3.10
151.0000	-3.11
151.5000	-3.11
152.0000	-3.11
152.5000	-3.09
153.0000	-3.09
153.5000	-3.11
154.0000	-3.13
154.5000	-3.39
155.0000	-3.71
155.5000	-3.46
156.0000	-3.58
156.5000	-3.13
157.0000	-3.13
157.5000	-3.12
158.0000	-3.13
158.5000	-3.13
159.0000	-3.13
159.5000	-3.15
160.0000	-3.15
160.5000	-3.16
161.0000	-3.17
161.5000	-3.16
162.0000	-3.17
162.5000	-3.17
163.0000	-3.19
163.5000	-3.20
164.0000	-3.21
164.5000	-3.22
165.0000	-3.24
165.5000	-3.27
166.0000	-3.34
166.5000	-3.85
167.0000	-4.13
167.5000	-4.11
168.0000	-4.24
168.5000	-4.59
169.0000	-5.32
169.5000	-4.12
170.0000	-4.22
170.5000	-4.27
171.0000	-4.28
171.5000	-4.28
172.0000	-4.34
172.5000	-4.29
173.0000	-4.33
173.5000	-4.33
174.0000	-4.40
174.5000	-4.43
175.0000	-4.48
175.5000	-4.21
176.0000	-3.76
176.5000	-3.84
177.0000	-4.30
177.5000	-4.07
178.0000	-3.97
178.5000	-3.79
179.0000	-3.83
179.5000	-3.75
180.0000	-3.75
180.5000	-3.59
181.0000	-3.60
181.5000	-3.65
182.0000	-3.65
182.5000	-3.70
183.0000	-3.72
183.5000	-4.23
184.0000	-4.52
184.5000	-4.70
185.0000	-4.27
185.5000	-4.21
186.0000	-4.19
186.5000	-4.22
187.0000	-4.23
187.5000	-4.24
188.0000	-4.42
188.5000	-5.15
189.0000	-5.53
189.5000	-4.66
190.0000	-4.59
190.5000	-4.63
191.0000	-4.72
191.5000	-4.72
192.0000	-4.78
192.5000	-4.86
193.0000	-4.86
193.5000	-4.88
194.0000	-5.02
194.5000	-5.08
195.0000	-5.41
195.5000	-4.98
196.0000	-4.86
196.5000	-4.96
197.0000	-4.87
197.5000	-4.90
198.0000	-4.87
198.5000	-4.96
199.0000	-5.01
199.5000	-4.96
200.0000	-5.02
200.5000	-5.63
201.0000	-4.96
201.5000	-5.06
202.0000	-5.67
202.5000	-5.28
203.0000	-5.16
203.5000	-5.13
204.0000	-5.45
204.5000	-5.01
205.0000	-5.02
205.5000	-4.97
206.0000	-5.01
206.5000	-5.13
207.0000	-5.19
207.5000	-6.48
208.0000	-5.99
208.5000	-6.32
209.0000	-5.63
209.5000	-5.61
210.0000	-5.72
210.5000	-5.60
211.0000	-5.57
211.5000	-5.86
212.0000	-5.87
212.5000	-5.64
213.0000	-6.74
213.5000	-5.92
214.0000	-5.99
214.5000	-5.89
215.0000	-6.28
215.5000	-5.56
216.0000	-5.59
216.5000	-5.61
217.0000	-5.54
217.5000	-5.58
218.0000	-5.67
218.5000	-5.84
219.0000	-5.39
219.5000	-5.42
220.0000	-5.40
220.5000	-5.36
221.0000	-5.35
221.5000	-5.34
222.0000	-5.32
222.5000	-5.32
223.0000	-5.31
223.5000	-5.31
224.0000	-5.32
224.5000	-5.31
225.0000	-5.32
225.5000	-5.30
226.0000	-5.30
226.5000	-5.30
227.0000	-5.31
227.5000	-5.31
228.0000	-5.33
228.5000	-5.33
229.0000	-5.33
229.5000	-5.32
230.0000	-5.34
230.5000	-5.34
231.0000	-5.34
231.5000	-5.33
232.0000	-5.34
232.5000	-5.36
233.0000	-5.38
233.5000	-5.40
234.0000	-5.43
234.5000	-5.48
235.0000	-5.46
235.5000	-5.53
236.0000	-5.53
236.5000	-5.56
237.0000	-5.57
237.5000	-5.81
238.0000	-5.65
238.5000	-5.70
239.0000	-5.58
239.5000	-5.58
240.0000	-5.52
240.5000	-5.56
241.0000	-5.69
241.5000	-5.85
242.0000	-5.69
242.5000	-5.84
243.0000	-5.72
243.5000	-5.72
244.0000	-5.72
244.5000	-5.66
245.0000	-5.65
245.5000	-5.64
246.0000	-5.74
246.5000	-5.79
247.0000	-5.62
247.5000	-5.67
248.0000	-5.61
248.5000	-5.72
249.0000	-5.80
249.5000	-5.86
250.0000	-6.14
250.5000	-5.67
251.0000	-5.61
251.5000	-5.57
252.0000	-5.64
252.5000	-5.79
253.0000	-5.79
253.5000	-5.57
254.0000	-5.69
254.5000	-5.69
255.0000	-5.57
255.5000	-5.60
256.0000	-5.60
256.5000	-5.59
257.0000	-5.60
257.5000	-5.56
258.0000	-5.57
258.5000	-5.58
259.0000	-5.61
259.5000	-5.62
260.0000	-5.66
260.5000	-5.70
261.0000	-5.76
261.5000	-5.74
262.0000	-5.79
262.5000	-5.79
263.0000	-5.82
263.5000	-5.81
264.0000	-5.89
264.5000	-5.87
265.0000	-5.92
265.5000	-5.94
266.0000	-5.96
266.5000	-5.96
267.0000	-5.95
267.5000	-5.95
268.0000	-5.95
268.5000	-5.99
269.0000	-6.02
269.5000	-6.04
270.0000	-5.97
270.5000	-5.99
271.0000	-6.01
271.5000	-6.04
272.0000	-6.06
272.5000	-6.08
273.0000	-6.09
273.5000	-6.11
274.0000	-6.13
274.5000	-6.15
275.0000	-6.16
275.5000	-6.18
276.0000	-6.19
276.5000	-6.23
277.0000	-6.36
277.5000	-6.40
278.0000	-6.40
278.5000	-6.47
279.0000	-6.54
279.5000	-6.49
280.0000	-6.61
280.5000	-6.70
281.0000	-6.58
281.5000	-6.58
282.0000	-6.65
282.5000	-6.84
283.0000	-6.58
283.5000	-6.58
284.0000	-6.56
284.5000	-6.64
285.0000	-6.65
285.5000	-6.65
286.0000	-6.66
286.5000	-6.65
287.0000	-6.66
287.5000	-6.72
288.0000	-6.73
288.5000	-6.63
289.0000	-6.65
289.5000	-6.59
290.0000	-6.59
290.5000	-6.58
291.0000	-6.59
291.5000	-6.62
292.0000	-6.62
292.5000	-6.64
293.0000	-6.74
293.5000	-6.79
294.0000	-6.66
294.5000	-6.71
295.0000	-6.65
295.5000	-6.66
296.0000	-6.76
296.5000	-6.76
297.0000	-6.81
297.5000	-6.88
298.0000	-6.89
298.5000	-6.85
299.0000	-6.89
299.5000	-6.94
300.0000	-7.02
300.5000	-7.16
301.0000	-7.18
301.5000	-7.21
302.0000	-7.31
302.5000	-7.18
303.0000	-7.17
303.5000	-7.04
304.0000	-7.11
304.5000	-7.17
305.0000	-7.14
305.5000	-7.25
306.0000	-7.40
306.5000	-7.03
307.0000	-6.96
307.5000	-6.99
308.0000	-7.02
308.5000	-7.06
309.0000	-6.98
309.5000	-7.12
310.0000	-6.95
310.5000	-6.94
311.0000	-6.96
311.5000	-6.99
312.0000	-7.02
312.5000	-7.02
313.0000	-4.73
313.5000	-4.61
314.0000	-4.56
314.5000	-4.48
315.0000	-4.68
315.5000	-4.66
316.0000	-4.63
316.5000	-4.63
317.0000	-4.63
317.5000	-4.58
318.0000	-4.64
318.5000	-4.43
319.0000	-4.42
319.5000	-4.32
320.0000	-4.36
320.5000	-4.41
321.0000	-4.41
321.5000	-4.41
322.0000	-4.51
322.5000	-4.52
323.0000	-4.51
323.5000	-4.47
324.0000	-4.39
324.5000	-4.41
325.0000	-4.41
325.5000	-4.43
326.0000	-4.43
326.5000	-4.45
327.0000	-4.46
327.5000	-4.47
328.0000	-4.47
328.5000	-4.48
329.0000	-4.48
329.5000	-4.51
330.0000	-4.51
330.5000	-4.49
331.0000	-4.52
331.5000	-4.53
332.0000	-4.55
332.5000	-4.52
333.0000	-4.59
333.5000	-4.60
334.0000	-4.61
334.5000	-4.60
335.0000	-4.60
335.5000	-4.75
336.0000	-4.77
336.5000	-4.85
337.0000	-4.84
337.5000	-4.87
338.0000	-4.89
338.5000	-4.85
339.0000	-4.79
339.5000	-4.83
340.0000	-4.84
340.5000	-4.89
341.0000	-4.88
341.5000	-4.85
342.0000	-4.88
342.5000	-4.88
343.0000	-4.89
343.5000	-4.91
344.0000	-4.91
344.5000	-4.90
345.0000	-4.91
345.5000	-4.92
346.0000	-4.92
346.5000	-4.92
347.0000	-4.93
347.5000	-4.93
348.0000	-4.88
348.5000	-4.92
349.0000	-4.94
349.5000	-5.00
350.0000	-4.85
350.5000	-4.84
351.0000	-4.82
351.5000	-4.81
352.0000	-4.82
352.5000	-4.83
353.0000	-4.84
353.5000	-4.84
354.0000	-4.82
354.5000	-4.90
355.0000	-4.96
355.5000	-4.94
356.0000	-4.86
356.5000	-4.88
357.0000	-4.94
357.5000	-4.91
358.0000	-4.97
358.5000	-4.92
359.0000	-4.95
359.5000	-4.95
360.0000	-5.02
360.5000	-5.17
361.0000	-5.16
361.5000	-5.24
362.0000	-5.27
362.5000	-5.28
363.0000	-5.30
363.5000	-5.27
364.0000	-5.47
364.5000	-5.30
365.0000	-5.20
365.5000	-5.18
366.0000	-5.20
366.5000	-5.20
367.0000	-5.30
367.5000	-5.22
368.0000	-5.22
368.5000	-5.24
369.0000	-5.10
369.5000	-5.14
370.0000	-5.12
370.5000	-5.01
371.0000	-5.03
371.5000	-5.03
372.0000	-5.03
372.5000	-5.06
373.0000	-5.07
373.5000	-5.01
374.0000	-5.04
374.5000	-5.03
375.0000	-5.06
375.5000	-5.04
376.0000	-5.05
376.5000	-5.06
377.0000	-5.15
377.5000	-5.15
378.0000	-5.12
378.5000	-5.26
379.0000	-5.22
379.5000	-5.18
380.0000	-5.20
380.5000	-5.27
381.0000	-5.35
381.5000	-5.38
382.0000	-5.30
382.5000	-5.28
383.0000	-5.28
383.5000	-5.31
384.0000	-5.30
384.5000	-5.38
385.0000	-5.34
385.5000	-5.35
386.0000	-5.50
386.5000	-5.43
387.0000	-5.41
387.5000	-5.45
388.0000	-5.53
388.5000	-5.55
389.0000	-5.54
389.5000	-5.49
390.0000	-5.47
390.5000	-5.48
391.0000	-5.50
391.5000	-5.45
392.0000	-5.46
392.5000	-5.49
393.0000	-5.54
393.5000	-5.55
394.0000	-5.51
394.5000	-5.66
395.0000	-5.67
395.5000	-5.53
396.0000	-5.63
396.5000	-5.64
397.0000	-5.61
397.5000	-5.76
398.0000	-5.59
398.5000	-5.57
399.0000	-5.52
399.5000	-5.46
400.0000	-5.41
400.5000	-5.46
401.0000	-5.45
401.5000	-5.45
402.0000	-5.46
402.5000	-5.46
403.0000	-5.38
403.5000	-5.35
404.0000	-5.36
404.5000	-5.34
405.0000	-5.35
405.5000	-5.36
406.0000	-5.36
406.5000	-5.35
407.0000	-5.35
407.5000	-5.36
408.0000	-5.34
408.5000	-5.34
409.0000	-5.33
409.5000	-5.34
410.0000	-5.26
410.5000	-5.27
411.0000	-5.31
411.5000	-5.33
412.0000	-5.33
412.5000	-5.32
413.0000	-5.34
413.5000	-5.33
414.0000	-5.33
414.5000	-5.33
415.0000	-5.34
415.5000	-5.32
416.0000	-5.34
416.5000	-5.32
417.0000	-5.54
417.5000	-5.55
418.0000	-5.46
418.5000	-5.46
419.0000	-5.45
419.5000	-5.43
420.0000	-5.44
420.5000	-5.42
421.0000	-5.39
421.5000	-5.40
422.0000	-5.42
422.5000	-5.45
423.0000	-5.45
423.5000	-6.00
424.0000	-5.52
424.5000	-5.37
425.0000	-4.91
425.5000	-4.94
426.0000	-4.91
426.5000	-4.89
427.0000	-4.92
427.5000	-4.93
428.0000	-4.95
428.5000	-4.95
429.0000	-4.93
429.5000	-4.98
430.0000	-5.00
430.5000	-5.05
431.0000	-5.03
431.5000	-5.06
432.0000	-5.07
432.5000	-5.07
433.0000	-5.12
433.5000	-5.14
434.0000	-5.29
434.5000	-5.35
435.0000	-5.51
435.5000	-3.52
436.0000	-3.50
436.5000	-3.48
437.0000	-3.49
437.5000	-3.48
438.0000	-3.47
438.5000	-3.48
439.0000	-3.47
439.5000	-3.48
440.0000	-3.48
440.5000	-3.47
441.0000	-3.48
441.5000	-3.47
442.0000	-3.48
442.5000	-3.48
443.0000	-3.48
443.5000	-3.48
444.0000	-3.49
444.5000	-3.49
445.0000	-3.50
445.5000	-3.51
446.0000	-3.52
446.5000	-3.52
447.0000	-3.53
447.5000	-3.54
448.0000	-3.52
448.5000	-3.54
449.0000	-3.53
449.5000	-3.53
450.0000	-3.52
450.5000	-3.53
451.0000	-3.52
451.5000	-3.52
452.0000	-3.52
452.5000	-3.51
453.0000	-3.51
453.5000	-3.52
454.0000	-3.52
454.5000	-3.52
455.0000	-3.52
455.5000	-3.52
456.0000	-3.52
456.5000	-3.53
457.0000	-3.52
457.5000	-3.53
458.0000	-3.53
458.5000	-3.53
459.0000	-3.54
459.5000	-3.53
460.0000	-3.52
460.5000	-3.53
461.0000	-3.53
461.5000	-3.53
462.0000	-3.53
462.5000	-3.53
463.0000	-3.52
463.5000	-3.52
464.0000	-3.52
464.5000	-3.52
465.0000	-3.53
465.5000	-3.52
466.0000	-3.52
466.5000	-3.51
467.0000	-3.51
467.5000	-3.52
468.0000	-3.52
468.5000	-3.52
469.0000	-3.52
469.5000	-3.53
470.0000	-3.52
470.5000	-3.52
471.0000	-3.52
471.5000	-3.52
472.0000	-3.52
472.5000	-3.52
473.0000	-3.52
473.5000	-3.53
474.0000	-3.53
474.5000	-3.53
475.0000	-3.53
475.5000	-3.53
476.0000	-3.54
476.5000	-3.54
477.0000	-3.55
477.5000	-3.56
478.0000	-3.56
478.5000	-3.56
479.0000	-3.56
479.5000	-3.57
480.0000	-3.57
480.5000	-3.57
481.0000	-3.58
481.5000	-3.57
482.0000	-3.58
482.5000	-3.58
483.0000	-3.58
483.5000	-3.58
484.0000	-3.58
484.5000	-3.59
485.0000	-3.59
485.5000	-3.58
486.0000	-3.59
486.5000	-3.60
487.0000	-3.61
487.5000	-3.61
488.0000	-3.62
488.5000	-3.61
489.0000	-3.62
489.5000	-3.62
490.0000	-3.62
490.5000	-3.62
491.0000	-3.62
491.5000	-3.63
492.0000	-3.61
492.5000	-3.62
493.0000	-3.63
493.5000	-3.62
494.0000	-3.63
494.5000	-3.63
495.0000	-3.62
495.5000	-3.63
496.0000	-3.63
496.5000	-3.63
497.0000	-3.62
497.5000	-3.62
498.0000	-3.62
498.5000	-3.62
499.0000	-3.62
499.5000	-3.69
500.0000	-3.71
500.5000	-3.72
501.0000	-3.72
501.5000	-3.72
502.0000	-3.73
502.5000	-3.73
503.0000	-3.73
503.5000	-3.74
504.0000	-3.74
504.5000	-3.74
505.0000	-3.75
505.5000	-3.74
506.0000	-3.75
506.5000	-3.74
507.0000	-3.75
507.5000	-3.76
508.0000	-3.76
508.5000	-3.77
509.0000	-3.76
509.5000	-3.76
510.0000	-3.76
510.5000	-3.77
511.0000	-3.78
511.5000	-3.77
512.0000	-3.77
512.5000	-3.76
513.0000	-3.77
513.5000	-3.77
514.0000	-3.76
514.5000	-3.77
515.0000	-3.77
515.5000	-3.78
516.0000	-3.78
516.5000	-3.78
517.0000	-3.78
517.5000	-3.79
518.0000	-3.79
518.5000	-3.79
519.0000	-3.80
519.5000	-3.79
520.0000	-3.80
520.5000	-3.79
521.0000	-3.80
521.5000	-3.79
522.0000	-3.80
522.5000	-3.81
523.0000	-3.81
523.5000	-3.81
524.0000	-3.81
524.5000	-3.81
525.0000	-3.82
525.5000	-3.83
526.0000	-3.84
526.5000	-3.83
527.0000	-3.84
527.5000	-3.85
528.0000	-3.85
528.5000	-3.85
529.0000	-3.85
529.5000	-3.85
530.0000	-3.84
530.5000	-3.85
531.0000	-3.86
531.5000	-3.86
532.0000	-3.86
532.5000	-3.87
533.0000	-3.87
533.5000	-3.87
534.0000	-3.86
534.5000	-3.86
535.0000	-3.87
535.5000	-3.87
536.0000	-3.88
536.5000	-3.86
537.0000	-3.88
537.5000	-3.87
538.0000	-3.88
538.5000	-3.88
539.0000	-3.88
539.5000	-3.87
540.0000	-3.87
540.5000	-3.89
541.0000	-3.88
541.5000	-3.88
542.0000	-3.89
542.5000	-3.89
543.0000	-3.88
543.5000	-3.89
544.0000	-3.89
544.5000	-3.89
545.0000	-3.89
545.5000	-3.89
546.0000	-3.90
546.5000	-3.90
547.0000	-3.90
547.5000	-3.90
548.0000	-3.91
548.5000	-3.91
549.0000	-3.91
549.5000	-3.92
550.0000	-3.92
550.5000	-3.92
551.0000	-3.92
551.5000	-3.92
552.0000	-3.92
552.5000	-3.93
553.0000	-3.92
553.5000	-3.93
554.0000	-3.93
554.5000	-3.94
555.0000	-3.94
555.5000	-3.94
556.0000	-3.94
556.5000	-3.95
557.0000	-3.94
557.5000	-3.95
558.0000	-3.95
558.5000	-3.94
559.0000	-3.95
559.5000	-3.96
560.0000	-3.96
560.5000	-3.96
561.0000	-3.96
561.5000	-3.96
562.0000	-3.97
562.5000	-3.97
563.0000	-3.97
563.5000	-3.98
564.0000	-3.98
564.5000	-3.98
565.0000	-3.99
565.5000	-3.99
566.0000	-3.99
566.5000	-3.99
567.0000	-3.99
567.5000	-3.99
568.0000	-3.99
568.5000	-3.99
569.0000	-4.00
569.5000	-4.00
570.0000	-4.00
570.5000	-3.99
571.0000	-4.00
571.5000	-4.00
572.0000	-4.01
572.5000	-4.01
573.0000	-4.01
573.5000	-4.01
574.0000	-4.01
574.5000	-4.02
575.0000	-4.02
575.5000	-4.02
576.0000	-4.01
576.5000	-4.02
577.0000	-4.01
577.5000	-4.02
578.0000	-4.01
578.5000	-4.01
579.0000	-4.01
579.5000	-4.01
580.0000	-4.01
580.5000	-4.02
581.0000	-4.01
581.5000	-4.01
582.0000	-4.02
582.5000	-4.02
583.0000	-4.01
583.5000	-4.01
584.0000	-4.02
584.5000	-4.01
585.0000	-4.01
585.5000	-4.01
586.0000	-4.01
586.5000	-4.00
587.0000	-4.01
587.5000	-4.00
588.0000	-4.01
588.5000	-4.00
589.0000	-3.99
589.5000	-3.99
590.0000	-3.99
590.5000	-3.98
591.0000	-3.99
591.5000	-3.99
592.0000	-3.99
592.5000	-3.99
593.0000	-3.99
593.5000	-3.99
594.0000	-3.99
594.5000	-3.99
595.0000	-4.00
595.5000	-4.00
596.0000	-4.00
596.5000	-4.01
597.0000	-4.01
597.5000	-4.01
598.0000	-4.00
598.5000	-4.01
599.0000	-4.01
599.5000	-4.02
600.0000	-4.02
600.5000	-4.02
601.0000	-4.04
601.5000	-4.04
602.0000	-4.04
602.5000	-4.04
603.0000	-4.05
603.5000	-4.05
604.0000	-4.06
604.5000	-4.05
605.0000	-4.06
605.5000	-4.08
606.0000	-4.07
606.5000	-4.07
607.0000	-4.08
607.5000	-4.07
608.0000	-4.08
608.5000	-4.08
609.0000	-4.08
609.5000	-4.08
610.0000	-4.08
610.5000	-4.08
611.0000	-4.08
611.5000	-4.08
612.0000	-4.09
612.5000	-4.10
613.0000	-4.09
613.5000	-4.10
614.0000	-4.10
614.5000	-4.10
615.0000	-4.10
615.5000	-4.09
616.0000	-4.11
616.5000	-4.11
617.0000	-4.11
617.5000	-4.11
618.0000	-4.11
618.5000	-4.11
619.0000	-4.11
619.5000	-4.11
620.0000	-4.11
620.5000	-4.11
621.0000	-4.11
621.5000	-4.10
622.0000	-4.11
622.5000	-4.11
623.0000	-4.11
623.5000	-4.11
624.0000	-4.12
624.5000	-4.11
625.0000	-4.11
625.5000	-4.12
626.0000	-4.11
626.5000	-4.12
627.0000	-4.12
627.5000	-4.13
628.0000	-4.13
628.5000	-4.14
629.0000	-4.14
629.5000	-4.14
630.0000	-4.16
630.5000	-4.15
631.0000	-4.16
631.5000	-4.17
632.0000	-4.17
632.5000	-4.17
633.0000	-4.16
633.5000	-4.17
634.0000	-4.17
634.5000	-4.17
635.0000	-4.19
635.5000	-4.19
636.0000	-4.19
636.5000	-4.19
637.0000	-4.19
637.5000	-4.21
638.0000	-4.21
638.5000	-4.21
639.0000	-4.21
639.5000	-4.21
640.0000	-4.20
640.5000	-4.21
641.0000	-4.22
641.5000	-4.22
642.0000	-4.23
642.5000	-4.23
643.0000	-4.23
643.5000	-4.23
644.0000	-4.24
644.5000	-4.25
645.0000	-4.24
645.5000	-4.24
646.0000	-4.25
646.5000	-4.24
647.0000	-4.25
647.5000	-4.25
648.0000	-4.25
648.5000	-4.25
649.0000	-4.24
649.5000	-4.25
650.0000	-4.24
650.5000	-4.24
651.0000	-4.24
651.5000	-4.24
652.0000	-4.24
652.5000	-4.24
653.0000	-4.24
653.5000	-4.24
654.0000	-4.22
654.5000	-4.23
655.0000	-4.23
655.5000	-4.24
656.0000	-4.23
656.5000	-4.23
657.0000	-4.23
657.5000	-4.23
658.0000	-4.24
658.5000	-4.24
659.0000	-4.24
659.5000	-4.24
660.0000	-4.25
660.5000	-4.25
661.0000	-4.26
661.5000	-4.27
662.0000	-4.27
662.5000	-4.26
663.0000	-4.27
663.5000	-4.27
664.0000	-4.27
664.5000	-4.27
665.0000	-4.27
665.5000	-4.27
666.0000	-4.27
666.5000	-4.29
667.0000	-4.28
667.5000	-4.29
668.0000	-4.29
668.5000	-4.29
669.0000	-4.28
669.5000	-4.28
670.0000	-4.28
670.5000	-4.28
671.0000	-4.28
671.5000	-4.28
672.0000	-4.28
672.5000	-4.28
673.0000	-4.27
673.5000	-4.27
674.0000	-4.26
674.5000	-4.26
675.0000	-4.25
675.5000	-4.25
676.0000	-4.25
676.5000	-4.23
677.0000	-4.23
677.5000	-4.22
678.0000	-4.22
678.5000	-4.21
679.0000	-4.21
679.5000	-4.20
680.0000	-4.18
680.5000	-4.18
681.0000	-4.17
681.5000	-4.16
682.0000	-4.15
682.5000	-4.14
683.0000	-4.14
683.5000	-4.12
684.0000	-4.10
684.5000	-4.10
685.0000	-4.09
685.5000	-4.08
686.0000	-4.07
686.5000	-4.06
687.0000	-4.05
687.5000	-4.04
688.0000	-4.02
688.5000	-4.02
689.0000	-4.01
689.5000	-4.00
690.0000	-3.98
690.5000	-3.98
691.0000	-3.97
691.5000	-3.96
692.0000	-3.94
692.5000	-3.93
693.0000	-3.92
693.5000	-3.90
694.0000	-3.89
694.5000	-3.89
695.0000	-3.88
695.5000	-3.87
696.0000	-3.85
696.5000	-3.84
697.0000	-3.83
697.5000	-3.83
698.0000	-3.81
698.5000	-3.79
699.0000	-3.79
699.5000	-3.77
700.0000	-3.76
700.5000	-3.74
701.0000	-3.73
701.5000	-3.73
702.0000	-3.71
702.5000	-3.70
703.0000	-3.69
703.5000	-3.68
704.0000	-3.67
704.5000	-3.65
705.0000	-3.64
705.5000	-3.63
706.0000	-3.61
706.5000	-3.61
707.0000	-3.59
707.5000	-3.58
708.0000	-3.57
708.5000	-3.56
709.0000	-3.55
709.5000	-3.53
710.0000	-3.52
710.5000	-3.52
711.0000	-3.49
711.5000	-3.49
712.0000	-3.48
712.5000	-3.46
713.0000	-3.45
713.5000	-3.44
714.0000	-3.42
714.5000	-3.42
715.0000	-3.40
715.5000	-3.39
716.0000	-3.39
716.5000	-3.38
717.0000	-3.36
717.5000	-3.34
718.0000	-3.34
718.5000	-3.31
719.0000	-3.32
719.5000	-3.31
720.0000	-3.30
720.5000	-3.28
721.0000	-3.26
721.5000	-3.27
722.0000	-3.25
722.5000	-3.24
723.0000	-3.23
723.5000	-3.21
724.0000	-3.21
724.5000	-3.20
725.0000	-3.19
725.5000	-3.18
726.0000	-3.16
726.5000	-3.15
727.0000	-3.14
727.5000	-3.13
728.0000	-3.13
728.5000	-3.12
729.0000	-3.11
729.5000	-3.10
730.0000	-3.08
730.5000	-3.07
731.0000	-3.06
731.5000	-3.06
732.0000	-3.05
732.5000	-3.04
733.0000	-3.04
733.5000	-3.03
734.0000	-3.02
734.5000	-3.00
735.0000	-2.99
735.5000	-2.99
736.0000	-2.98
736.5000	-2.97
737.0000	-2.97
737.5000	-2.96
738.0000	-2.94
738.5000	-2.93
739.0000	-2.92
739.5000	-2.92
740.0000	-2.91
740.5000	-2.90
741.0000	-2.89
741.5000	-2.88
742.0000	-2.87
742.5000	-2.87
743.0000	-2.87
743.5000	-2.85
744.0000	-2.84
744.5000	-2.83
745.0000	-2.83
745.5000	-2.82
746.0000	-2.81
746.5000	-2.81
747.0000	-2.79
747.5000	-2.78
748.0000	-2.78
748.5000	-2.77
749.0000	-2.75
749.5000	-2.75
750.0000	-2.74
750.5000	-2.74
751.0000	-2.73
751.5000	-2.72
752.0000	-2.72
752.5000	-2.70
753.0000	-2.70
753.5000	-2.69
754.0000	-2.69
754.5000	-2.68
755.0000	-2.67
755.5000	-2.66
756.0000	-2.65
756.5000	-2.64
757.0000	-2.63
757.5000	-2.63
758.0000	-2.62
758.5000	-2.61
759.0000	-2.62
759.5000	-2.61
760.0000	-2.60
760.5000	-2.59
761.0000	-2.58
761.5000	-2.57
762.0000	-2.57
762.5000	-2.57
763.0000	-2.56
763.5000	-2.55
764.0000	-2.55
764.5000	-2.54
765.0000	-2.54
765.5000	-2.53
766.0000	-2.53
766.5000	-2.52
767.0000	-2.51
767.5000	-2.51
768.0000	-2.50
768.5000	-2.49
769.0000	-2.49
769.5000	-2.49
770.0000	-2.48
770.5000	-2.48
771.0000	-2.47
771.5000	-2.47
772.0000	-2.46
772.5000	-2.46
773.0000	-2.45
773.5000	-2.44
774.0000	-2.43
774.5000	-2.43
775.0000	-2.43
775.5000	-2.42
776.0000	-2.41
776.5000	-2.42
777.0000	-2.40
777.5000	-2.41
778.0000	-2.40
778.5000	-2.40
779.0000	-2.39
779.5000	-2.38
780.0000	-2.38
780.5000	-2.37
781.0000	-2.37
781.5000	-2.36
782.0000	-2.36
782.5000	-2.35
783.0000	-2.34
783.5000	-2.34
784.0000	-2.33
784.5000	-2.33
785.0000	-2.32
785.5000	-2.31
786.0000	-2.32
786.5000	-2.31
787.0000	-2.31
787.5000	-2.30
788.0000	-2.29
788.5000	-2.29
789.0000	-2.28
789.5000	-2.27
790.0000	-2.28
790.5000	-2.27
791.0000	-2.27
791.5000	-2.27
792.0000	-2.26
792.5000	-2.26
793.0000	-2.25
793.5000	-2.25
794.0000	-2.24
794.5000	-2.24
795.0000	-2.23
795.5000	-2.22
796.0000	-2.23
796.5000	-2.21
797.0000	-2.21
797.5000	-2.21
798.0000	-2.20
798.5000	-2.20
799.0000	-2.20
799.5000	-2.18
800.0000	-2.19
800.5000	-2.18
801.0000	-2.18
801.5000	-2.18
802.0000	-2.17
802.5000	-2.16
803.0000	-2.16
803.5000	-2.16
804.0000	-2.15
804.5000	-2.15
805.0000	-2.15
805.5000	-2.14
806.0000	-2.14
806.5000	-2.14
807.0000	-2.13
807.5000	-2.14
808.0000	-2.13
808.5000	-2.13
809.0000	-2.12
809.5000	-2.12
810.0000	-2.11
810.5000	-2.10
811.0000	-2.11
811.5000	-2.10
812.0000	-2.10
812.5000	-2.10
813.0000	-2.11
813.5000	-2.09
814.0000	-2.09
814.5000	-2.09
815.0000	-2.08
815.5000	-2.08
816.0000	-2.07
816.5000	-2.08
817.0000	-2.07
817.5000	-2.06
818.0000	-2.06
818.5000	-2.06
819.0000	-2.06
819.5000	-2.04
820.0000	-2.04
820.5000	-2.04
821.0000	-2.03
821.5000	-2.03
822.0000	-2.03
822.5000	-2.02
823.0000	-2.03
823.5000	-2.02
824.0000	-2.02
824.5000	-2.01
825.0000	-2.01
825.5000	-2.01
826.0000	-2.01
826.5000	-2.00
827.0000	-2.00
827.5000	-2.01
828.0000	-1.99
828.5000	-2.00
829.0000	-2.00
829.5000	-1.99
830.0000	-1.99
830.5000	-1.98
831.0000	-1.99
831.5000	-1.99
832.0000	-1.99
832.5000	-1.98
833.0000	-1.98
833.5000	-1.99
834.0000	-1.98
834.5000	-1.98
835.0000	-1.98
835.5000	-1.96
836.0000	-1.97
836.5000	-1.96
837.0000	-1.96
837.5000	-1.96
838.0000	-1.96
838.5000	-1.96
839.0000	-1.96
839.5000	-1.95
840.0000	-1.95
840.5000	-1.94
841.0000	-1.95
841.5000	-1.94
842.0000	-1.94
842.5000	-1.96
843.0000	-1.95
843.5000	-1.95
844.0000	-1.95
844.5000	-1.95
845.0000	-1.95
845.5000	-1.95
846.0000	-1.95
846.5000	-1.95
847.0000	-1.95
847.5000	-1.95
848.0000	-1.95
848.5000	-1.96
849.0000	-1.96
849.5000	-1.95
850.0000	-1.95
850.5000	-1.96
851.0000	-1.97
851.5000	-1.97
852.0000	-1.97
852.5000	-1.98
853.0000	-1.99
853.5000	-2.00
854.0000	-2.00
854.5000	-2.00
855.0000	-2.00
855.5000	-2.01
856.0000	-2.02
856.5000	-2.03
857.0000	-2.03
857.5000	-2.04
858.0000	-2.05
858.5000	-2.06
859.0000	-2.07
859.5000	-2.08
860.0000	-2.09
860.5000	-2.08
861.0000	-2.10
861.5000	-2.11
862.0000	-2.11
862.5000	-2.12
863.0000	-2.13
863.5000	-2.15
864.0000	-2.15
864.5000	-2.16
865.0000	-2.18
865.5000	-2.19
866.0000	-2.19
866.5000	-2.20
867.0000	-2.22
867.5000	-2.23
868.0000	-2.24
868.5000	-2.24
869.0000	-2.26
869.5000	-2.26
870.0000	-2.28
870.5000	-2.29
871.0000	-2.29
871.5000	-2.31
872.0000	-2.32
872.5000	-2.34
873.0000	-2.36
873.5000	-2.37
874.0000	-2.38
874.5000	-2.38
875.0000	-2.39
875.5000	-2.41
876.0000	-2.42
876.5000	-2.43
877.0000	-2.44
877.5000	-2.46
878.0000	-2.48
878.5000	-2.49
879.0000	-2.51
879.5000	-2.52
880.0000	-2.53
880.5000	-2.54
881.0000	-2.56
881.5000	-2.57
882.0000	-2.59
882.5000	-2.61
883.0000	-2.61
883.5000	-2.62
884.0000	-2.64
884.5000	-2.65
885.0000	-2.66
885.5000	-2.67
886.0000	-2.69
886.5000	-2.69
887.0000	-2.70
887.5000	-2.72
888.0000	-2.74
888.5000	-2.74
889.0000	-2.75
889.5000	-2.76
890.0000	-2.76
890.5000	-2.78
891.0000	-2.79
891.5000	-2.81
892.0000	-2.82
892.5000	-2.84
893.0000	-2.84
893.5000	-2.86
894.0000	-2.87
894.5000	-2.88
895.0000	-2.89
895.5000	-2.90
896.0000	-2.91
896.5000	-2.93
897.0000	-2.93
897.5000	-2.96
898.0000	-2.96
898.5000	-2.97
899.0000	-2.98
899.5000	-3.00
900.0000	-3.00
900.5000	-3.02
901.0000	-3.03
901.5000	-3.03
902.0000	-3.04
902.5000	-3.05
903.0000	-3.07
903.5000	-3.08
904.0000	-3.09
904.5000	-3.10
905.0000	-3.11
905.5000	-3.12
906.0000	-3.13
906.5000	-3.14
907.0000	-3.15
907.5000	-3.16
908.0000	-3.17
908.5000	-3.18
909.0000	-3.19
909.5000	-3.20
910.0000	-3.21
910.5000	-3.23
911.0000	-3.24
911.5000	-3.25
912.0000	-3.26
912.5000	-3.27
913.0000	-3.28
913.5000	-3.29
914.0000	-3.31
914.5000	-3.31
915.0000	-3.32
915.5000	-3.33
916.0000	-3.33
916.5000	-3.35
917.0000	-3.35
917.5000	-3.37
918.0000	-3.39
918.5000	-3.38
919.0000	-3.39
919.5000	-3.41
920.0000	-3.41
920.5000	-3.42
921.0000	-3.42
921.5000	-3.43
922.0000	-3.45
922.5000	-3.46
923.0000	-3.47
923.5000	-3.48
924.0000	-3.49
924.5000	-3.50
925.0000	-3.51
925.5000	-3.51
926.0000	-3.53
926.5000	-3.53
927.0000	-3.54
927.5000	-3.55
928.0000	-3.55
928.5000	-3.56
929.0000	-3.57
929.5000	-3.57
930.0000	-3.57
930.5000	-3.58
931.0000	-3.59
931.5000	-3.59
932.0000	-3.60
932.5000	-3.60
933.0000	-3.61
933.5000	-3.60
934.0000	-3.61
934.5000	-3.61
935.0000	-3.62
935.5000	-3.62
936.0000	-3.62
936.5000	-3.62
937.0000	-3.63
937.5000	-3.63
938.0000	-3.63
938.5000	-3.63
939.0000	-3.64
939.5000	-3.63
940.0000	-3.62
940.5000	-3.62
941.0000	-3.62
941.5000	-3.62
942.0000	-3.61
942.5000	-3.62
943.0000	-3.60
943.5000	-3.60
944.0000	-3.61
944.5000	-3.60
945.0000	-3.59
945.5000	-3.58
946.0000	-3.58
946.5000	-3.58
947.0000	-3.57
947.5000	-3.57
948.0000	-3.57
948.5000	-3.56
949.0000	-3.56
949.5000	-3.55
950.0000	-3.55
950.5000	-3.54
951.0000	-3.53
951.5000	-3.53
952.0000	-3.52
952.5000	-3.52
953.0000	-3.51
953.5000	-3.50
954.0000	-3.49
954.5000	-3.49
955.0000	-3.47
955.5000	-3.48
956.0000	-3.47
956.5000	-3.46
957.0000	-3.45
957.5000	-3.45
958.0000	-3.44
958.5000	-3.44
959.0000	-3.43
959.5000	-3.42
960.0000	-3.42
960.5000	-3.41
961.0000	-3.40
961.5000	-3.39
962.0000	-3.38
962.5000	-3.38
963.0000	-3.36
963.5000	-3.36
964.0000	-3.35
964.5000	-3.33
965.0000	-3.34
965.5000	-3.33
966.0000	-3.32
966.5000	-3.31
967.0000	-3.31
967.5000	-3.30
968.0000	-3.30
968.5000	-3.29
969.0000	-3.27
969.5000	-3.26
